0,0,TRIGGER_OFF
1376137066,0,TRIGGER_ON
1376167566,15,DATA1,4b 80 00 00 00 0f 00 00 00 00 00 00 00 d9 c3 
2103102450,0,TRIGGER_OFF
2103156033,15,DATA0,c3 00 00 00 00 0f 00 00 00 00 00 00 00 db bd 
2869106033,0,TRIGGER_ON
2869143916,15,DATA1,4b 80 00 00 00 0f 00 00 00 00 00 00 00 d9 c3 
3690627016,0,TRIGGER_OFF
3690755883,15,DATA0,c3 00 00 00 00 0f 00 00 00 00 00 00 00 db bd 
4113872033,0,TRIGGER_ON
4113999166,15,DATA1,4b 80 00 00 00 0f 00 00 00 00 00 00 00 d9 c3 
4709701283,0,TRIGGER_OFF
4709739733,15,DATA0,c3 00 00 00 00 0f 00 00 00 00 00 00 00 db bd 
5520211550,0,TRIGGER_ON
5520351866,15,DATA1,4b 80 00 00 00 0f 00 00 00 00 00 00 00 d9 c3 
6460396200,0,TRIGGER_OFF
6460462016,15,DATA0,c3 00 00 00 00 0f 00 00 00 00 00 00 00 db bd 
7093268750,0,TRIGGER_ON
7093326950,15,DATA1,4b 80 00 00 00 0f 00 00 00 00 00 00 00 d9 c3 
7780228633,0,TRIGGER_OFF
7780316100,15,DATA0,c3 00 00 00 00 0f 00 00 00 00 00 00 00 db bd 
8558643733,0,TRIGGER_ON
8558678766,15,DATA1,4b 80 00 00 00 0f 00 00 00 00 00 00 00 d9 c3 
9225625416,0,TRIGGER_OFF
9225668183,15,DATA0,c3 00 00 00 00 0f 00 00 00 00 00 00 00 db bd 
9858994116,0,TRIGGER_ON
9859033133,15,DATA1,4b 80 00 00 00 0f 00 00 00 00 00 00 00 d9 c3 
10530328900,0,TRIGGER_OFF
10530397500,15,DATA0,c3 00 00 00 00 0f 00 00 00 00 00 00 00 db bd 
11387424100,0,TRIGGER_ON
11387508916,15,DATA1,4b 80 00 00 00 0f 00 00 00 00 00 00 00 d9 c3 
11816092516,0,TRIGGER_OFF
11816127116,15,DATA0,c3 00 00 00 00 0f 00 00 00 00 00 00 00 db bd 
12303822200,0,TRIGGER_ON
12303869383,15,DATA1,4b 80 00 00 00 0f 00 00 00 00 00 00 00 d9 c3 
13295051933,0,TRIGGER_OFF
13295103683,15,DATA0,c3 00 00 00 00 0f 00 00 00 00 00 00 00 db bd 
13860899166,0,TRIGGER_ON
13860969700,15,DATA1,4b 80 00 00 00 0f 00 00 00 00 00 00 00 d9 c3 
14394769300,0,TRIGGER_OFF
14394836200,15,DATA0,c3 00 00 00 00 0f 00 00 00 00 00 00 00 db bd 
14912158583,0,TRIGGER_ON
14912203033,15,DATA1,4b 80 00 00 00 0f 00 00 00 00 00 00 00 d9 c3 
15640651983,0,TRIGGER_OFF
15640691650,15,DATA0,c3 00 00 00 00 0f 00 00 00 00 00 00 00 db bd 
16582927666,0,TRIGGER_ON
16583051533,15,DATA1,4b 80 00 00 00 0f 00 00 00 00 00 00 00 d9 c3 
17501137433,0,TRIGGER_OFF
17501162000,15,DATA0,c3 00 00 00 00 0f 00 00 00 00 00 00 00 db bd 
18065968983,0,TRIGGER_ON
18066028033,15,DATA1,4b 80 00 00 00 0f 00 00 00 00 00 00 00 d9 c3 
18931070983,0,TRIGGER_OFF
18931139300,15,DATA0,c3 00 00 00 00 0f 00 00 00 00 00 00 00 db bd 
19547914916,0,TRIGGER_ON
19548004533,15,DATA1,4b 80 00 00 00 0f 00 00 00 00 00 00 00 d9 c3 
20136737766,0,TRIGGER_OFF
20136870200,15,DATA0,c3 00 00 00 00 0f 00 00 00 00 00 00 00 db bd 
20915787483,0,TRIGGER_ON
20915857833,15,DATA1,4b 80 00 00 00 0f 00 00 00 00 00 00 00 d9 c3 
21838959383,0,TRIGGER_OFF
21839093166,15,DATA0,c3 00 00 00 00 0f 00 00 00 00 00 00 00 db bd 
22617015883,0,TRIGGER_ON
22617080850,15,DATA1,4b 80 00 00 00 0f 00 00 00 00 00 00 00 d9 c3 
23511195133,0,TRIGGER_OFF
23511316666,15,DATA0,c3 00 00 00 00 0f 00 00 00 00 00 00 00 db bd 
24149083366,0,TRIGGER_ON
24149181533,15,DATA1,4b 80 00 00 00 0f 00 00 00 00 00 00 00 d9 c3 
24846067550,0,TRIGGER_OFF
24846170483,15,DATA0,c3 00 00 00 00 0f 00 00 00 00 00 00 00 db bd 
25732229466,0,TRIGGER_ON
25732281400,15,DATA1,4b 80 00 00 00 0f 00 00 00 00 00 00 00 d9 c3 
26260996766,0,TRIGGER_OFF
26261148016,15,DATA0,c3 00 00 00 00 0f 00 00 00 00 00 00 00 db bd 
27117386466,0,TRIGGER_ON
27117509600,15,DATA1,4b 80 00 00 00 0f 00 00 00 00 00 00 00 d9 c3 
27575085500,0,TRIGGER_OFF
27575127166,15,DATA0,c3 00 00 00 00 0f 00 00 00 00 00 00 00 db bd 
28573765583,0,TRIGGER_ON
28573861316,15,DATA1,4b 80 00 00 00 0f 00 00 00 00 00 00 00 d9 c3 
29110453100,0,TRIGGER_OFF
29110478383,15,DATA0,c3 00 00 00 00 0f 00 00 00 00 00 00 00 db bd 
29834476550,0,TRIGGER_ON
29834591300,15,DATA1,4b 80 00 00 00 0f 00 00 00 00 00 00 00 d9 c3 
30552528016,0,TRIGGER_OFF
30552579916,15,DATA0,c3 00 00 00 00 0f 00 00 00 00 00 00 00 db bd 
31424301483,0,TRIGGER_ON
31424441266,15,DATA1,4b 80 00 00 00 0f 00 00 00 00 00 00 00 d9 c3 
32305341416,0,TRIGGER_OFF
32305427283,15,DATA0,c3 00 00 00 00 0f 00 00 00 00 00 00 00 db bd 
32810831766,0,TRIGGER_ON
32810919066,15,DATA1,4b 80 00 00 00 0f 00 00 00 00 00 00 00 d9 c3 
33693465433,0,TRIGGER_OFF
33693530083,15,DATA0,c3 00 00 00 00 0f 00 00 00 00 00 00 00 db bd 
34117911233,0,TRIGGER_ON
34118023350,15,DATA1,4b 80 00 00 00 0f 00 00 00 00 00 00 00 d9 c3 
34518542350,0,TRIGGER_OFF
34518641983,15,DATA0,c3 00 00 00 00 0f 00 00 00 00 00 00 00 db bd 
35442408200,0,TRIGGER_ON
35442502316,15,DATA1,4b 80 00 00 00 0f 00 00 00 00 00 00 00 d9 c3 
36001660083,0,TRIGGER_OFF
36001743416,15,DATA0,c3 00 00 00 00 0f 00 00 00 00 00 00 00 db bd 
36481366800,0,TRIGGER_ON
36481485833,15,DATA1,4b 80 00 00 00 0f 00 00 00 00 00 00 00 d9 c3 
37068852283,0,TRIGGER_OFF
37068976500,15,DATA0,c3 00 00 00 00 0f 00 00 00 00 00 00 00 db bd 
37683689266,0,TRIGGER_ON
37683716733,15,DATA1,4b 80 00 00 00 0f 00 00 00 00 00 00 00 d9 c3 
38484044133,0,TRIGGER_OFF
38484079033,15,DATA0,c3 00 00 00 00 0f 00 00 00 00 00 00 00 db bd 
39300517466,0,TRIGGER_ON
39300566050,15,DATA1,4b 80 00 00 00 0f 00 00 00 00 00 00 00 d9 c3 
39892339166,0,TRIGGER_OFF
39892431666,15,DATA0,c3 00 00 00 00 0f 00 00 00 00 00 00 00 db bd 
40380083316,0,TRIGGER_ON
40380173933,15,DATA1,4b 80 00 00 00 0f 00 00 00 00 00 00 00 d9 c3 
40789749583,0,TRIGGER_OFF
40789792433,15,DATA0,c3 00 00 00 00 0f 00 00 00 00 00 00 00 db bd 
41475586716,0,TRIGGER_ON
41475656550,15,DATA1,4b 80 00 00 00 0f 00 00 00 00 00 00 00 d9 c3 
42254743266,0,TRIGGER_OFF
42254769150,15,DATA0,c3 00 00 00 00 0f 00 00 00 00 00 00 00 db bd 
42704416933,0,TRIGGER_ON
42704512050,15,DATA1,4b 80 00 00 00 0f 00 00 00 00 00 00 00 d9 c3 
43473420050,0,TRIGGER_OFF
43473499816,15,DATA0,c3 00 00 00 00 0f 00 00 00 00 00 00 00 db bd 
44029244566,0,TRIGGER_ON
44029365983,15,DATA1,4b 80 00 00 00 0f 00 00 00 00 00 00 00 d9 c3 
44450924066,0,TRIGGER_OFF
44450984300,15,DATA0,c3 00 00 00 00 0f 00 00 00 00 00 00 00 db bd 
45218923950,0,TRIGGER_ON
45218972100,15,DATA1,4b 80 00 00 00 0f 00 00 00 00 00 00 00 d9 c3 
45721726700,0,TRIGGER_OFF
45721839116,15,DATA0,c3 00 00 00 00 0f 00 00 00 00 00 00 00 db bd 
46694764750,0,TRIGGER_ON
46694823666,15,DATA1,4b 80 00 00 00 0f 00 00 00 00 00 00 00 d9 c3 
47609910833,0,TRIGGER_OFF
47610059133,15,DATA0,c3 00 00 00 00 0f 00 00 00 00 00 00 00 db bd 
48246840433,0,TRIGGER_ON
48246924016,15,DATA1,4b 80 00 00 00 0f 00 00 00 00 00 00 00 d9 c3 
48705610900,0,TRIGGER_OFF
48705666716,15,DATA0,c3 00 00 00 00 0f 00 00 00 00 00 00 00 db bd 
49389243083,0,TRIGGER_ON
49389280866,15,DATA1,4b 80 00 00 00 0f 00 00 00 00 00 00 00 d9 c3 
49877957966,0,TRIGGER_OFF
49878023083,15,DATA0,c3 00 00 00 00 0f 00 00 00 00 00 00 00 db bd 
50791160983,0,TRIGGER_ON
50791258583,15,DATA1,4b 80 00 00 00 0f 00 00 00 00 00 00 00 d9 c3 
51332985500,0,TRIGGER_OFF
51333125166,15,DATA0,c3 00 00 00 00 0f 00 00 00 00 00 00 00 db bd 
51939819650,0,TRIGGER_ON
51939865366,15,DATA1,4b 80 00 00 00 0f 00 00 00 00 00 00 00 d9 c3 
52380165883,0,TRIGGER_OFF
52380233333,15,DATA0,c3 00 00 00 00 0f 00 00 00 00 00 00 00 db bd 
53054122400,0,TRIGGER_ON
53054222633,15,DATA1,4b 80 00 00 00 0f 00 00 00 00 00 00 00 d9 c3 
53953247333,0,TRIGGER_OFF
53953333350,15,DATA0,c3 00 00 00 00 0f 00 00 00 00 00 00 00 db bd 
54456755750,0,TRIGGER_ON
54456825350,15,DATA1,4b 80 00 00 00 0f 00 00 00 00 00 00 00 d9 c3 
54993238666,0,TRIGGER_OFF
54993316833,15,DATA0,c3 00 00 00 00 0f 00 00 00 00 00 00 00 db bd 
55692226833,0,TRIGGER_ON
55692305733,15,DATA1,4b 80 00 00 00 0f 00 00 00 00 00 00 00 d9 c3 
56202016383,0,TRIGGER_OFF
56202047816,15,DATA0,c3 00 00 00 00 0f 00 00 00 00 00 00 00 db bd 
57000375333,0,TRIGGER_ON
57000409950,15,DATA1,4b 80 00 00 00 0f 00 00 00 00 00 00 00 d9 c3 
57999970933,0,TRIGGER_OFF
58000019233,15,DATA0,c3 00 00 00 00 0f 00 00 00 00 00 00 00 db bd 
58528770333,0,TRIGGER_ON
58528885633,15,DATA1,4b 80 00 00 00 0f 00 00 00 00 00 00 00 d9 c3 
59254769250,0,TRIGGER_OFF
59254874116,15,DATA0,c3 00 00 00 00 0f 00 00 00 00 00 00 00 db bd 
59958727866,0,TRIGGER_ON
59958862916,15,DATA1,4b 80 00 00 00 0f 00 00 00 00 00 00 00 d9 c3 
60916903600,0,TRIGGER_OFF
60916972883,15,DATA0,c3 00 00 00 00 0f 00 00 00 00 00 00 00 db bd 
61366567100,0,TRIGGER_ON
61366715516,15,DATA1,4b 80 00 00 00 0f 00 00 00 00 00 00 00 d9 c3 
62298713366,0,TRIGGER_OFF
62298825716,15,DATA0,c3 00 00 00 00 0f 00 00 00 00 00 00 00 db bd 
63220324716,0,TRIGGER_ON
63220436050,15,DATA1,4b 80 00 00 00 0f 00 00 00 00 00 00 00 d9 c3 
63801173200,0,TRIGGER_OFF
63801301800,15,DATA0,c3 00 00 00 00 0f 00 00 00 00 00 00 00 db bd 
64228830383,0,TRIGGER_ON
64228920200,15,DATA1,4b 80 00 00 00 0f 00 00 00 00 00 00 00 d9 c3 
64726557416,0,TRIGGER_OFF
64726662100,15,DATA0,c3 00 00 00 00 0f 00 00 00 00 00 00 00 db bd 
65381450766,0,TRIGGER_ON
65381526683,15,DATA1,4b 80 00 00 00 0f 00 00 00 00 00 00 00 d9 c3 
65949264216,0,TRIGGER_OFF
65949392650,15,DATA0,c3 00 00 00 00 0f 00 00 00 00 00 00 00 db bd 
66934491166,0,TRIGGER_ON
66934626983,15,DATA1,4b 80 00 00 00 0f 00 00 00 00 00 00 00 d9 c3 
67676471716,0,TRIGGER_OFF
67676615183,15,DATA0,c3 00 00 00 00 0f 00 00 00 00 00 00 00 db bd 
68273366150,0,TRIGGER_ON
68273480700,15,DATA1,4b 80 00 00 00 0f 00 00 00 00 00 00 00 d9 c3 
68717107483,0,TRIGGER_OFF
68717223633,15,DATA0,c3 00 00 00 00 0f 00 00 00 00 00 00 00 db bd 
69607244000,0,TRIGGER_ON
69607334466,15,DATA1,4b 80 00 00 00 0f 00 00 00 00 00 00 00 d9 c3 
70415291016,0,TRIGGER_OFF
70415321633,15,DATA0,c3 00 00 00 00 0f 00 00 00 00 00 00 00 db bd 
70964103000,0,TRIGGER_ON
70964187883,15,DATA1,4b 80 00 00 00 0f 00 00 00 00 00 00 00 d9 c3 
71648074266,0,TRIGGER_OFF
71648177016,15,DATA0,c3 00 00 00 00 0f 00 00 00 00 00 00 00 db bd 
72616357216,0,TRIGGER_ON
72616411600,15,DATA1,4b 80 00 00 00 0f 00 00 00 00 00 00 00 d9 c3 
73449425400,0,TRIGGER_OFF
73449523366,15,DATA0,c3 00 00 00 00 0f 00 00 00 00 00 00 00 db bd 
74166372466,0,TRIGGER_ON
74166511933,15,DATA1,4b 80 00 00 00 0f 00 00 00 00 00 00 00 d9 c3 
75166613716,0,TRIGGER_OFF
75166746200,15,DATA0,c3 00 00 00 00 0f 00 00 00 00 00 00 00 db bd 
76154843566,0,TRIGGER_ON
76154980300,15,DATA1,4b 80 00 00 00 0f 00 00 00 00 00 00 00 d9 c3 
76586557033,0,TRIGGER_OFF
76586598433,15,DATA0,c3 00 00 00 00 0f 00 00 00 00 00 00 00 db bd 
77565800650,0,TRIGGER_ON
77565832816,15,DATA1,4b 80 00 00 00 0f 00 00 00 00 00 00 00 d9 c3 
78535646400,0,TRIGGER_OFF
78535692583,15,DATA0,c3 00 00 00 00 0f 00 00 00 00 00 00 00 db bd 
79235195383,0,TRIGGER_ON
79235306250,15,DATA1,4b 80 00 00 00 0f 00 00 00 00 00 00 00 d9 c3 
80022225850,0,TRIGGER_OFF
80022293716,15,DATA0,c3 00 00 00 00 0f 00 00 00 00 00 00 00 db bd 
80751148050,0,TRIGGER_ON
80751282133,15,DATA1,4b 80 00 00 00 0f 00 00 00 00 00 00 00 d9 c3 
81215837400,0,TRIGGER_OFF
81215899733,15,DATA0,c3 00 00 00 00 0f 00 00 00 00 00 00 00 db bd 
81882724200,0,TRIGGER_ON
81882764116,15,DATA1,4b 80 00 00 00 0f 00 00 00 00 00 00 00 d9 c3 
82352481183,0,TRIGGER_OFF
82352506650,15,DATA0,c3 00 00 00 00 0f 00 00 00 00 00 00 00 db bd 
83289701466,0,TRIGGER_ON
83289741733,15,DATA1,4b 80 00 00 00 0f 00 00 00 00 00 00 00 d9 c3 
83703358483,0,TRIGGER_OFF
83703485133,15,DATA0,c3 00 00 00 00 0f 00 00 00 00 00 00 00 db bd 
84472371266,0,TRIGGER_ON
84472472900,15,DATA1,4b 80 00 00 00 0f 00 00 00 00 00 00 00 d9 c3 
84974112883,0,TRIGGER_OFF
84974214933,15,DATA0,c3 00 00 00 00 0f 00 00 00 00 00 00 00 db bd 
85615030433,0,TRIGGER_ON
85615079733,15,DATA1,4b 80 00 00 00 0f 00 00 00 00 00 00 00 d9 c3 
86600289216,0,TRIGGER_OFF
86600314050,15,DATA0,c3 00 00 00 00 0f 00 00 00 00 00 00 00 db bd 
87259247416,0,TRIGGER_ON
87259303566,15,DATA1,4b 80 00 00 00 0f 00 00 00 00 00 00 00 d9 c3 
87746027400,0,TRIGGER_OFF
87746045816,15,DATA0,c3 00 00 00 00 0f 00 00 00 00 00 00 00 db bd 
88293806650,0,TRIGGER_ON
88293912083,15,DATA1,4b 80 00 00 00 0f 00 00 00 00 00 00 00 d9 c3 
89157911133,0,TRIGGER_OFF
89158023350,15,DATA0,c3 00 00 00 00 0f 00 00 00 00 00 00 00 db bd 
90036325500,0,TRIGGER_ON
90036384366,15,DATA1,4b 80 00 00 00 0f 00 00 00 00 00 00 00 d9 c3 
90868763883,0,TRIGGER_OFF
90868871100,15,DATA0,c3 00 00 00 00 0f 00 00 00 00 00 00 00 db bd 
91845355516,0,TRIGGER_ON
91845481150,15,DATA1,4b 80 00 00 00 0f 00 00 00 00 00 00 00 d9 c3 
92790537116,0,TRIGGER_OFF
92790590500,15,DATA0,c3 00 00 00 00 0f 00 00 00 00 00 00 00 db bd 
93486988083,0,TRIGGER_ON
93487079433,15,DATA1,4b 80 00 00 00 0f 00 00 00 00 00 00 00 d9 c3 
94161955716,0,TRIGGER_OFF
94162068683,15,DATA0,c3 00 00 00 00 0f 00 00 00 00 00 00 00 db bd 
94819896000,0,TRIGGER_ON
94819933200,15,DATA1,4b 80 00 00 00 0f 00 00 00 00 00 00 00 d9 c3 
95629406816,0,TRIGGER_OFF
95629545316,15,DATA0,c3 00 00 00 00 0f 00 00 00 00 00 00 00 db bd 
96234245383,0,TRIGGER_ON
96234285700,15,DATA1,4b 80 00 00 00 0f 00 00 00 00 00 00 00 d9 c3 
96874922750,0,TRIGGER_OFF
96875025500,15,DATA0,c3 00 00 00 00 0f 00 00 00 00 00 00 00 db bd 
97391720950,0,TRIGGER_ON
97391767266,15,DATA1,4b 80 00 00 00 0f 00 00 00 00 00 00 00 d9 c3 
98154126783,0,TRIGGER_OFF
98154255116,15,DATA0,c3 00 00 00 00 0f 00 00 00 00 00 00 00 db bd 
99118432916,0,TRIGGER_ON
99118489766,15,DATA1,4b 80 00 00 00 0f 00 00 00 00 00 00 00 d9 c3 
100025612466,0,TRIGGER_OFF
100025725316,15,DATA0,c3 00 00 00 00 0f 00 00 00 00 00 00 00 db bd 
100956773883,0,TRIGGER_ON
100956835466,15,DATA1,4b 80 00 00 00 0f 00 00 00 00 00 00 00 d9 c3 
101902947650,0,TRIGGER_OFF
101903070383,15,DATA0,c3 00 00 00 00 0f 00 00 00 00 00 00 00 db bd 
102875345366,0,TRIGGER_ON
102875429916,15,DATA1,4b 80 00 00 00 0f 00 00 00 00 00 00 00 d9 c3 
103713412916,0,TRIGGER_OFF
103713541550,15,DATA0,c3 00 00 00 00 0f 00 00 00 00 00 00 00 db bd 
104439376333,0,TRIGGER_ON
104439404966,15,DATA1,4b 80 00 00 00 0f 00 00 00 00 00 00 00 d9 c3 
105102319050,0,TRIGGER_OFF
105102394416,15,DATA0,c3 00 00 00 00 0f 00 00 00 00 00 00 00 db bd 
105514008250,0,TRIGGER_ON
105514137866,15,DATA1,4b 80 00 00 00 0f 00 00 00 00 00 00 00 d9 c3 
106132859166,0,TRIGGER_OFF
106133003000,15,DATA0,c3 00 00 00 00 0f 00 00 00 00 00 00 00 db bd 
106963921583,0,TRIGGER_ON
106963989733,15,DATA1,4b 80 00 00 00 0f 00 00 00 00 00 00 00 d9 c3 
107434626650,0,TRIGGER_OFF
107434732250,15,DATA0,c3 00 00 00 00 0f 00 00 00 00 00 00 00 db bd 
108029449366,0,TRIGGER_ON
108029472766,15,DATA1,4b 80 00 00 00 0f 00 00 00 00 00 00 00 d9 c3 
108922577166,0,TRIGGER_OFF
108922708533,15,DATA0,c3 00 00 00 00 0f 00 00 00 00 00 00 00 db bd 
109468350300,0,TRIGGER_ON
109468449816,15,DATA1,4b 80 00 00 00 0f 00 00 00 00 00 00 00 d9 c3 
110315424683,0,TRIGGER_OFF
110315561300,15,DATA0,c3 00 00 00 00 0f 00 00 00 00 00 00 00 db bd 
111096433550,0,TRIGGER_ON
111096548883,15,DATA1,4b 80 00 00 00 0f 00 00 00 00 00 00 00 d9 c3 
112057621800,0,TRIGGER_OFF
112057658566,15,DATA0,c3 00 00 00 00 0f 00 00 00 00 00 00 00 db bd 
112981772833,0,TRIGGER_ON
112981893800,15,DATA1,4b 80 00 00 00 0f 00 00 00 00 00 00 00 d9 c3 
113603624866,0,TRIGGER_OFF
113603758900,15,DATA0,c3 00 00 00 00 0f 00 00 00 00 00 00 00 db bd 
114163460966,0,TRIGGER_ON
114163499983,15,DATA1,4b 80 00 00 00 0f 00 00 00 00 00 00 00 d9 c3 
114568146900,0,TRIGGER_OFF
114568243516,15,DATA0,c3 00 00 00 00 0f 00 00 00 00 00 00 00 db bd 
114990844750,0,TRIGGER_ON
114990861783,15,DATA1,4b 80 00 00 00 0f 00 00 00 00 00 00 00 d9 c3 
115628763366,0,TRIGGER_OFF
115628851600,15,DATA0,c3 00 00 00 00 0f 00 00 00 00 00 00 00 db bd 
116478844683,0,TRIGGER_ON
116478963050,15,DATA1,4b 80 00 00 00 0f 00 00 00 00 00 00 00 d9 c3 
117249844716,0,TRIGGER_OFF
117249950766,15,DATA0,c3 00 00 00 00 0f 00 00 00 00 00 00 00 db bd 
117844712983,0,TRIGGER_ON
117844816266,15,DATA1,4b 80 00 00 00 0f 00 00 00 00 00 00 00 d9 c3 
118353498383,0,TRIGGER_OFF
118353558150,15,DATA0,c3 00 00 00 00 0f 00 00 00 00 00 00 00 db bd 
119335307750,0,TRIGGER_ON
119335417516,15,DATA1,4b 80 00 00 00 0f 00 00 00 00 00 00 00 d9 c3 
119876092816,0,TRIGGER_OFF
119876158916,15,DATA0,c3 00 00 00 00 0f 00 00 00 00 00 00 00 db bd 
120835278033,0,TRIGGER_ON
120835393583,15,DATA1,4b 80 00 00 00 0f 00 00 00 00 00 00 00 d9 c3 
121542223900,0,TRIGGER_OFF
121542257350,15,DATA0,c3 00 00 00 00 0f 00 00 00 00 00 00 00 db bd 
122420334416,0,TRIGGER_ON
122420368333,15,DATA1,4b 80 00 00 00 0f 00 00 00 00 00 00 00 d9 c3 
123233381016,0,TRIGGER_OFF
123233480383,15,DATA0,c3 00 00 00 00 0f 00 00 00 00 00 00 00 db bd 
124137522383,0,TRIGGER_ON
124137590966,15,DATA1,4b 80 00 00 00 0f 00 00 00 00 00 00 00 d9 c3 
125137749683,0,TRIGGER_OFF
125137825016,15,DATA0,c3 00 00 00 00 0f 00 00 00 00 00 00 00 db bd 
125693578383,0,TRIGGER_ON
125693691150,15,DATA1,4b 80 00 00 00 0f 00 00 00 00 00 00 00 d9 c3 
126323440183,0,TRIGGER_OFF
126323556133,15,DATA0,c3 00 00 00 00 0f 00 00 00 00 00 00 00 db bd 
126786129500,0,TRIGGER_ON
126786173733,15,DATA1,4b 80 00 00 00 0f 00 00 00 00 00 00 00 d9 c3 
127728355900,0,TRIGGER_OFF
127728408733,15,DATA0,c3 00 00 00 00 0f 00 00 00 00 00 00 00 db bd 
128148055133,0,TRIGGER_ON
128148152016,15,DATA1,4b 80 00 00 00 0f 00 00 00 00 00 00 00 d9 c3 
128851984750,0,TRIGGER_OFF
128852015816,15,DATA0,c3 00 00 00 00 0f 00 00 00 00 00 00 00 db bd 
129805178200,0,TRIGGER_ON
129805250633,15,DATA1,4b 80 00 00 00 0f 00 00 00 00 00 00 00 d9 c3 
130713307400,0,TRIGGER_OFF
130713361116,15,DATA0,c3 00 00 00 00 0f 00 00 00 00 00 00 00 db bd 
131391208633,0,TRIGGER_ON
131391350333,15,DATA1,4b 80 00 00 00 0f 00 00 00 00 00 00 00 d9 c3 
131810850433,0,TRIGGER_OFF
131810968616,15,DATA0,c3 00 00 00 00 0f 00 00 00 00 00 00 00 db bd 
132346608350,0,TRIGGER_ON
132346710083,15,DATA1,4b 80 00 00 00 0f 00 00 00 00 00 00 00 d9 c3 
132874358933,0,TRIGGER_OFF
132874451650,15,DATA0,c3 00 00 00 00 0f 00 00 00 00 00 00 00 db bd 
133667374233,0,TRIGGER_ON
133667439033,15,DATA1,4b 80 00 00 00 0f 00 00 00 00 00 00 00 d9 c3 
134339269000,0,TRIGGER_OFF
134339303300,15,DATA0,c3 00 00 00 00 0f 00 00 00 00 00 00 00 db bd 
134866019833,0,TRIGGER_ON
134866169916,15,DATA1,4b 80 00 00 00 0f 00 00 00 00 00 00 00 d9 c3 
135761132566,0,TRIGGER_OFF
135761280633,15,DATA0,c3 00 00 00 00 0f 00 00 00 00 00 00 00 db bd 
136369963866,0,TRIGGER_ON
136370020900,15,DATA1,4b 80 00 00 00 0f 00 00 00 00 00 00 00 d9 c3 
136929792716,0,TRIGGER_OFF
136929886983,15,DATA0,c3 00 00 00 00 0f 00 00 00 00 00 00 00 db bd 
137646773966,0,TRIGGER_ON
137646875516,15,DATA1,4b 80 00 00 00 0f 00 00 00 00 00 00 00 d9 c3 
138437787733,0,TRIGGER_OFF
138437862883,15,DATA0,c3 00 00 00 00 0f 00 00 00 00 00 00 00 db bd 
139063634516,0,TRIGGER_ON
139063728083,15,DATA1,4b 80 00 00 00 0f 00 00 00 00 00 00 00 d9 c3 
139637446066,0,TRIGGER_OFF
139637593750,15,DATA0,c3 00 00 00 00 0f 00 00 00 00 00 00 00 db bd 
140241285383,0,TRIGGER_ON
140241334116,15,DATA1,4b 80 00 00 00 0f 00 00 00 00 00 00 00 d9 c3 
141146538583,0,TRIGGER_OFF
141146569650,15,DATA0,c3 00 00 00 00 0f 00 00 00 00 00 00 00 db bd 
142004620533,0,TRIGGER_ON
142004681533,15,DATA1,4b 80 00 00 00 0f 00 00 00 00 00 00 00 d9 c3 
142959952450,0,TRIGGER_OFF
142960040716,15,DATA0,c3 00 00 00 00 0f 00 00 00 00 00 00 00 db bd 
143421242250,0,TRIGGER_ON
143421283333,15,DATA1,4b 80 00 00 00 0f 00 00 00 00 00 00 00 d9 c3 
143853950500,0,TRIGGER_OFF
143854026450,15,DATA0,c3 00 00 00 00 0f 00 00 00 00 00 00 00 db bd 
144662428483,0,TRIGGER_ON
144662513533,15,DATA1,4b 80 00 00 00 0f 00 00 00 00 00 00 00 d9 c3 
145079857500,0,TRIGGER_OFF
145079881866,15,DATA0,c3 00 00 00 00 0f 00 00 00 00 00 00 00 db bd 
145575628983,0,TRIGGER_ON
145575748950,15,DATA1,4b 80 00 00 00 0f 00 00 00 00 00 00 00 d9 c3 
146160443633,0,TRIGGER_OFF
146160489600,15,DATA0,c3 00 00 00 00 0f 00 00 00 00 00 00 00 db bd 
146759259050,0,TRIGGER_ON
146759355066,15,DATA1,4b 80 00 00 00 0f 00 00 00 00 00 00 00 d9 c3 
147743909633,0,TRIGGER_OFF
147743964333,15,DATA0,c3 00 00 00 00 0f 00 00 00 00 00 00 00 db bd 
148381519533,0,TRIGGER_ON
148381579333,15,DATA1,4b 80 00 00 00 0f 00 00 00 00 00 00 00 d9 c3 
148887289583,0,TRIGGER_OFF
148887321066,15,DATA0,c3 00 00 00 00 0f 00 00 00 00 00 00 00 db bd 
149678348466,0,TRIGGER_ON
149678433416,15,DATA1,4b 80 00 00 00 0f 00 00 00 00 00 00 00 d9 c3 
150368303766,0,TRIGGER_OFF
150368422416,15,DATA0,c3 00 00 00 00 0f 00 00 00 00 00 00 00 db bd 
150954682766,0,TRIGGER_ON
150954788033,15,DATA1,4b 80 00 00 00 0f 00 00 00 00 00 00 00 d9 c3 
151703679716,0,TRIGGER_OFF
151703776100,15,DATA0,c3 00 00 00 00 0f 00 00 00 00 00 00 00 db bd 
152140319733,0,TRIGGER_ON
152140394116,15,DATA1,4b 80 00 00 00 0f 00 00 00 00 00 00 00 d9 c3 
152642816583,0,TRIGGER_OFF
152642886100,15,DATA0,c3 00 00 00 00 0f 00 00 00 00 00 00 00 db bd 
153443349650,0,TRIGGER_ON
153443373333,15,DATA1,4b 80 00 00 00 0f 00 00 00 00 00 00 00 d9 c3 
154199989966,0,TRIGGER_OFF
154200111233,15,DATA0,c3 00 00 00 00 0f 00 00 00 00 00 00 00 db bd 
155010756250,0,TRIGGER_ON
155010848300,15,DATA1,4b 80 00 00 00 0f 00 00 00 00 00 00 00 d9 c3 
155559524100,0,TRIGGER_OFF
155559589550,15,DATA0,c3 00 00 00 00 0f 00 00 00 00 00 00 00 db bd 
156443595583,0,TRIGGER_ON
156443700416,15,DATA1,4b 80 00 00 00 0f 00 00 00 00 00 00 00 d9 c3 
157246957050,0,TRIGGER_OFF
157247062583,15,DATA0,c3 00 00 00 00 0f 00 00 00 00 00 00 00 db bd 
158065307533,0,TRIGGER_ON
158065424716,15,DATA1,4b 80 00 00 00 0f 00 00 00 00 00 00 00 d9 c3 
158945408666,0,TRIGGER_OFF
158945535466,15,DATA0,c3 00 00 00 00 0f 00 00 00 00 00 00 00 db bd 
159373795083,0,TRIGGER_ON
159373903633,15,DATA1,4b 80 00 00 00 0f 00 00 00 00 00 00 00 d9 c3 
159904424050,0,TRIGGER_OFF
159904520166,15,DATA0,c3 00 00 00 00 0f 00 00 00 00 00 00 00 db bd 
160392135416,0,TRIGGER_ON
160392262366,15,DATA1,4b 80 00 00 00 0f 00 00 00 00 00 00 00 d9 c3 
160850826633,0,TRIGGER_OFF
160850880083,15,DATA0,c3 00 00 00 00 0f 00 00 00 00 00 00 00 db bd 
161575824633,0,TRIGGER_ON
161575868483,15,DATA1,4b 80 00 00 00 0f 00 00 00 00 00 00 00 d9 c3 
161983491883,0,TRIGGER_OFF
161983612000,15,DATA0,c3 00 00 00 00 0f 00 00 00 00 00 00 00 db bd 
162786240566,0,TRIGGER_ON
162786349366,15,DATA1,4b 80 00 00 00 0f 00 00 00 00 00 00 00 d9 c3 
163394684716,0,TRIGGER_OFF
163394714466,15,DATA0,c3 00 00 00 00 0f 00 00 00 00 00 00 00 db bd 
164168075466,0,TRIGGER_ON
164168202116,15,DATA1,4b 80 00 00 00 0f 00 00 00 00 00 00 00 d9 c3 
164621783766,0,TRIGGER_OFF
164621819883,15,DATA0,c3 00 00 00 00 0f 00 00 00 00 00 00 00 db bd 
165226619033,0,TRIGGER_ON
165226685266,15,DATA1,4b 80 00 00 00 0f 00 00 00 00 00 00 00 d9 c3 
165939592950,0,TRIGGER_OFF
165939673883,15,DATA0,c3 00 00 00 00 0f 00 00 00 00 00 00 00 db bd 
166651572916,0,TRIGGER_ON
166651662533,15,DATA1,4b 80 00 00 00 0f 00 00 00 00 00 00 00 d9 c3 
167529743050,0,TRIGGER_OFF
167529773533,15,DATA0,c3 00 00 00 00 0f 00 00 00 00 00 00 00 db bd 
168473972750,0,TRIGGER_ON
168474008516,15,DATA1,4b 80 00 00 00 0f 00 00 00 00 00 00 00 d9 c3 
169099837483,0,TRIGGER_OFF
169099873566,15,DATA0,c3 00 00 00 00 0f 00 00 00 00 00 00 00 db bd 
169820848400,0,TRIGGER_ON
169820987100,15,DATA1,4b 80 00 00 00 0f 00 00 00 00 00 00 00 d9 c3 
170504774616,0,TRIGGER_OFF
170504851250,15,DATA0,c3 00 00 00 00 0f 00 00 00 00 00 00 00 db bd 
171166629616,0,TRIGGER_ON
171166715700,15,DATA1,4b 80 00 00 00 0f 00 00 00 00 00 00 00 d9 c3 
172012794900,0,TRIGGER_OFF
172012827266,15,DATA0,c3 00 00 00 00 0f 00 00 00 00 00 00 00 db bd 
172950048150,0,TRIGGER_ON
172950187533,15,DATA1,4b 80 00 00 00 0f 00 00 00 00 00 00 00 d9 c3 
173551946600,0,TRIGGER_OFF
173552052800,15,DATA0,c3 00 00 00 00 0f 00 00 00 00 00 00 00 db bd 
174202881383,0,TRIGGER_ON
174202917450,15,DATA1,4b 80 00 00 00 0f 00 00 00 00 00 00 00 d9 c3 
174670588833,0,TRIGGER_OFF
174670660033,15,DATA0,c3 00 00 00 00 0f 00 00 00 00 00 00 00 db bd 
175370585783,0,TRIGGER_ON
175370648900,15,DATA1,4b 80 00 00 00 0f 00 00 00 00 00 00 00 d9 c3 
175916420100,0,TRIGGER_OFF
175916515233,15,DATA0,c3 00 00 00 00 0f 00 00 00 00 00 00 00 db bd 
176754544583,0,TRIGGER_ON
176754626916,15,DATA1,4b 80 00 00 00 0f 00 00 00 00 00 00 00 d9 c3 
177361431050,0,TRIGGER_OFF
177361492316,15,DATA0,c3 00 00 00 00 0f 00 00 00 00 00 00 00 db bd 
177855162416,0,TRIGGER_ON
177855234466,15,DATA1,4b 80 00 00 00 0f 00 00 00 00 00 00 00 d9 c3 
178590132383,0,TRIGGER_OFF
178590222816,15,DATA0,c3 00 00 00 00 0f 00 00 00 00 00 00 00 db bd 
179054834700,0,TRIGGER_ON
179054965450,15,DATA1,4b 80 00 00 00 0f 00 00 00 00 00 00 00 d9 c3 
179623636166,0,TRIGGER_OFF
179623706416,15,DATA0,c3 00 00 00 00 0f 00 00 00 00 00 00 00 db bd 
180057304233,0,TRIGGER_ON
180057449566,15,DATA1,4b 80 00 00 00 0f 00 00 00 00 00 00 00 d9 c3 
180534076833,0,TRIGGER_OFF
180534192016,15,DATA0,c3 00 00 00 00 0f 00 00 00 00 00 00 00 db bd 
181262101616,0,TRIGGER_ON
181262180483,15,DATA1,4b 80 00 00 00 0f 00 00 00 00 00 00 00 d9 c3 
182240339900,0,TRIGGER_OFF
182240414966,15,DATA0,c3 00 00 00 00 0f 00 00 00 00 00 00 00 db bd 
182661027450,0,TRIGGER_ON
182661158283,15,DATA1,4b 80 00 00 00 0f 00 00 00 00 00 00 00 d9 c3 
183595199166,0,TRIGGER_OFF
183595268516,15,DATA0,c3 00 00 00 00 0f 00 00 00 00 00 00 00 db bd 
184328213333,0,TRIGGER_ON
184328256883,15,DATA1,4b 80 00 00 00 0f 00 00 00 00 00 00 00 d9 c3 
185165288366,0,TRIGGER_OFF
185165368650,15,DATA0,c3 00 00 00 00 0f 00 00 00 00 00 00 00 db bd 
186154565350,0,TRIGGER_ON
186154602966,15,DATA1,4b 80 00 00 00 0f 00 00 00 00 00 00 00 d9 c3 
186780421883,0,TRIGGER_OFF
186780468083,15,DATA0,c3 00 00 00 00 0f 00 00 00 00 00 00 00 db bd 
187354232300,0,TRIGGER_ON
187354334016,15,DATA1,4b 80 00 00 00 0f 00 00 00 00 00 00 00 d9 c3 
187953071316,0,TRIGGER_OFF
187953199533,15,DATA0,c3 00 00 00 00 0f 00 00 00 00 00 00 00 db bd 
188733087366,0,TRIGGER_ON
188733187166,15,DATA1,4b 80 00 00 00 0f 00 00 00 00 00 00 00 d9 c3 
189562195816,0,TRIGGER_OFF
189562299050,15,DATA0,c3 00 00 00 00 0f 00 00 00 00 00 00 00 db bd 
190396264500,0,TRIGGER_ON
190396285850,15,DATA1,4b 80 00 00 00 0f 00 00 00 00 00 00 00 d9 c3 
190899060700,0,TRIGGER_OFF
190899152900,15,DATA0,c3 00 00 00 00 0f 00 00 00 00 00 00 00 db bd 
191804248100,0,TRIGGER_ON
191804388583,15,DATA1,4b 80 00 00 00 0f 00 00 00 00 00 00 00 d9 c3 
192397074750,0,TRIGGER_OFF
192397129233,15,DATA0,c3 00 00 00 00 0f 00 00 00 00 00 00 00 db bd 
193056424816,0,TRIGGER_ON
193056493816,15,DATA1,4b 80 00 00 00 0f 00 00 00 00 00 00 00 d9 c3 
193487074150,0,TRIGGER_OFF
193487111983,15,DATA0,c3 00 00 00 00 0f 00 00 00 00 00 00 00 db bd 
194184545400,0,TRIGGER_ON
194184600966,15,DATA1,4b 80 00 00 00 0f 00 00 00 00 00 00 00 d9 c3 
194828965166,0,TRIGGER_OFF
194829090766,15,DATA0,c3 00 00 00 00 0f 00 00 00 00 00 00 00 db bd 
195370722350,0,TRIGGER_ON
195370832383,15,DATA1,4b 80 00 00 00 0f 00 00 00 00 00 00 00 d9 c3 
196124520133,0,TRIGGER_OFF
196124570316,15,DATA0,c3 00 00 00 00 0f 00 00 00 00 00 00 00 db bd 
196682337300,0,TRIGGER_ON
196682436483,15,DATA1,4b 80 00 00 00 0f 00 00 00 00 00 00 00 d9 c3 
197322223333,0,TRIGGER_OFF
197322301383,15,DATA0,c3 00 00 00 00 0f 00 00 00 00 00 00 00 db bd 
198107205583,0,TRIGGER_ON
198107288966,15,DATA1,4b 80 00 00 00 0f 00 00 00 00 00 00 00 d9 c3 
198804092933,0,TRIGGER_OFF
198804152950,15,DATA0,c3 00 00 00 00 0f 00 00 00 00 00 00 00 db bd 
199438863250,0,TRIGGER_ON
199439017900,15,DATA1,4b 80 00 00 00 0f 00 00 00 00 00 00 00 d9 c3 
200398034633,0,TRIGGER_OFF
200398127766,15,DATA0,c3 00 00 00 00 0f 00 00 00 00 00 00 00 db bd 
201397260566,0,TRIGGER_ON
201397361983,15,DATA1,4b 80 00 00 00 0f 00 00 00 00 00 00 00 d9 c3 
201994149633,0,TRIGGER_OFF
201994227566,15,DATA0,c3 00 00 00 00 0f 00 00 00 00 00 00 00 db bd 
202706080933,0,TRIGGER_ON
202706216333,15,DATA1,4b 80 00 00 00 0f 00 00 00 00 00 00 00 d9 c3 
203221825866,0,TRIGGER_OFF
203221958183,15,DATA0,c3 00 00 00 00 0f 00 00 00 00 00 00 00 db bd 
203632458450,0,TRIGGER_ON
203632576700,15,DATA1,4b 80 00 00 00 0f 00 00 00 00 00 00 00 d9 c3 
204073169983,0,TRIGGER_OFF
204073319733,15,DATA0,c3 00 00 00 00 0f 00 00 00 00 00 00 00 db bd 
205065433733,0,TRIGGER_ON
205065554033,15,DATA1,4b 80 00 00 00 0f 00 00 00 00 00 00 00 d9 c3 
206055638100,0,TRIGGER_OFF
206055663600,15,DATA0,c3 00 00 00 00 0f 00 00 00 00 00 00 00 db bd 
206597399850,0,TRIGGER_ON
206597529850,15,DATA1,4b 80 00 00 00 0f 00 00 00 00 00 00 00 d9 c3 
207468482800,0,TRIGGER_OFF
207468516100,15,DATA0,c3 00 00 00 00 0f 00 00 00 00 00 00 00 db bd 
208129357050,0,TRIGGER_ON
208129505633,15,DATA1,4b 80 00 00 00 0f 00 00 00 00 00 00 00 d9 c3 
208973892116,0,TRIGGER_OFF
208973992316,15,DATA0,c3 00 00 00 00 0f 00 00 00 00 00 00 00 db bd 
209418604983,0,TRIGGER_ON
209418735266,15,DATA1,4b 80 00 00 00 0f 00 00 00 00 00 00 00 d9 c3 
209907362533,0,TRIGGER_OFF
209907477550,15,DATA0,c3 00 00 00 00 0f 00 00 00 00 00 00 00 db bd 
210728798783,0,TRIGGER_ON
210728839583,15,DATA1,4b 80 00 00 00 0f 00 00 00 00 00 00 00 d9 c3 
211646927533,0,TRIGGER_OFF
211647075033,15,DATA0,c3 00 00 00 00 0f 00 00 00 00 00 00 00 db bd 
212124606400,0,TRIGGER_ON
212124692483,15,DATA1,4b 80 00 00 00 0f 00 00 00 00 00 00 00 d9 c3 
212768422900,0,TRIGGER_OFF
212768557483,15,DATA0,c3 00 00 00 00 0f 00 00 00 00 00 00 00 db bd 
213383711116,0,TRIGGER_ON
213383797583,15,DATA1,4b 80 00 00 00 0f 00 00 00 00 00 00 00 d9 c3 
213799358800,0,TRIGGER_OFF
213799416033,15,DATA0,c3 00 00 00 00 0f 00 00 00 00 00 00 00 db bd 
214308154466,0,TRIGGER_ON
214308282983,15,DATA1,4b 80 00 00 00 0f 00 00 00 00 00 00 00 d9 c3 
215178366316,0,TRIGGER_OFF
215178394216,15,DATA0,c3 00 00 00 00 0f 00 00 00 00 00 00 00 db bd 
215809288016,0,TRIGGER_ON
215809384250,15,DATA1,4b 80 00 00 00 0f 00 00 00 00 00 00 00 d9 c3 
216530247216,0,TRIGGER_OFF
216530372816,15,DATA0,c3 00 00 00 00 0f 00 00 00 00 00 00 00 db bd 
217236187983,0,TRIGGER_ON
217236236683,15,DATA1,4b 80 00 00 00 0f 00 00 00 00 00 00 00 d9 c3 
218005183050,0,TRIGGER_OFF
218005224500,15,DATA0,c3 00 00 00 00 0f 00 00 00 00 00 00 00 db bd 
218616865016,0,TRIGGER_ON
218616964833,15,DATA1,4b 80 00 00 00 0f 00 00 00 00 00 00 00 d9 c3 
219147655150,0,TRIGGER_OFF
219147706433,15,DATA0,c3 00 00 00 00 0f 00 00 00 00 00 00 00 db bd 
219637382216,0,TRIGGER_ON
219637448883,15,DATA1,4b 80 00 00 00 0f 00 00 00 00 00 00 00 d9 c3 
220376348200,0,TRIGGER_OFF
220376437183,15,DATA0,c3 00 00 00 00 0f 00 00 00 00 00 00 00 db bd 
221175412733,0,TRIGGER_ON
221175549333,15,DATA1,4b 80 00 00 00 0f 00 00 00 00 00 00 00 d9 c3 
222049603383,0,TRIGGER_OFF
222049660516,15,DATA0,c3 00 00 00 00 0f 00 00 00 00 00 00 00 db bd 
222836628316,0,TRIGGER_ON
222836773050,15,DATA1,4b 80 00 00 00 0f 00 00 00 00 00 00 00 d9 c3 
223383415050,0,TRIGGER_OFF
223383514383,15,DATA0,c3 00 00 00 00 0f 00 00 00 00 00 00 00 db bd 
224284717650,0,TRIGGER_ON
224284750116,15,DATA1,4b 80 00 00 00 0f 00 00 00 00 00 00 00 d9 c3 
224800470033,0,TRIGGER_OFF
224800616933,15,DATA0,c3 00 00 00 00 0f 00 00 00 00 00 00 00 db bd 
225546441733,0,TRIGGER_ON
225546480133,15,DATA1,4b 80 00 00 00 0f 00 00 00 00 00 00 00 d9 c3 
226357768333,0,TRIGGER_OFF
226357842300,15,DATA0,c3 00 00 00 00 0f 00 00 00 00 00 00 00 db bd 
226963653583,0,TRIGGER_ON
226963707683,15,DATA1,4b 80 00 00 00 0f 00 00 00 00 00 00 00 d9 c3 
227920994016,0,TRIGGER_OFF
227921067550,15,DATA0,c3 00 00 00 00 0f 00 00 00 00 00 00 00 db bd 
228721972633,0,TRIGGER_ON
228722054833,15,DATA1,4b 80 00 00 00 0f 00 00 00 00 00 00 00 d9 c3 
229203684983,0,TRIGGER_OFF
229203797216,15,DATA0,c3 00 00 00 00 0f 00 00 00 00 00 00 00 db bd 
230172894700,0,TRIGGER_ON
230173031850,15,DATA1,4b 80 00 00 00 0f 00 00 00 00 00 00 00 d9 c3 
230999256383,0,TRIGGER_OFF
230999393733,15,DATA0,c3 00 00 00 00 0f 00 00 00 00 00 00 00 db bd 
231409890183,0,TRIGGER_ON
231410012250,15,DATA1,4b 80 00 00 00 0f 00 00 00 00 00 00 00 d9 c3 
232249946733,0,TRIGGER_OFF
232249998950,15,DATA0,c3 00 00 00 00 0f 00 00 00 00 00 00 00 db bd 
232925887283,0,TRIGGER_ON
232925988200,15,DATA1,4b 80 00 00 00 0f 00 00 00 00 00 00 00 d9 c3 
233733981250,0,TRIGGER_OFF
233734100400,15,DATA0,c3 00 00 00 00 0f 00 00 00 00 00 00 00 db bd 
234226720233,0,TRIGGER_ON
234226842583,15,DATA1,4b 80 00 00 00 0f 00 00 00 00 00 00 00 d9 c3 
235206909916,0,TRIGGER_OFF
235206952066,15,DATA0,c3 00 00 00 00 0f 00 00 00 00 00 00 00 db bd 
235793701300,0,TRIGGER_ON
235793817766,15,DATA1,4b 80 00 00 00 0f 00 00 00 00 00 00 00 d9 c3 
236744861000,0,TRIGGER_OFF
236744927683,15,DATA0,c3 00 00 00 00 0f 00 00 00 00 00 00 00 db bd 
237596908633,0,TRIGGER_ON
237597039150,15,DATA1,4b 80 00 00 00 0f 00 00 00 00 00 00 00 d9 c3 
238284796850,0,TRIGGER_OFF
238284903266,15,DATA0,c3 00 00 00 00 0f 00 00 00 00 00 00 00 db bd 
238778528483,0,TRIGGER_ON
238778645416,15,DATA1,4b 80 00 00 00 0f 00 00 00 00 00 00 00 d9 c3 
239732718583,0,TRIGGER_OFF
239732755300,15,DATA0,c3 00 00 00 00 0f 00 00 00 00 00 00 00 db bd 
240654852600,0,TRIGGER_ON
240654990650,15,DATA1,4b 80 00 00 00 0f 00 00 00 00 00 00 00 d9 c3 
241393275516,0,TRIGGER_OFF
241393353950,15,DATA0,c3 00 00 00 00 0f 00 00 00 00 00 00 00 db bd 
242039154966,0,TRIGGER_ON
242039218700,15,DATA1,4b 80 00 00 00 0f 00 00 00 00 00 00 00 d9 c3 
242958327300,0,TRIGGER_OFF
242958454116,15,DATA0,c3 00 00 00 00 0f 00 00 00 00 00 00 00 db bd 
243746362466,0,TRIGGER_ON
243746441616,15,DATA1,4b 80 00 00 00 0f 00 00 00 00 00 00 00 d9 c3 
244563237866,0,TRIGGER_OFF
244563303650,15,DATA0,c3 00 00 00 00 0f 00 00 00 00 00 00 00 db bd 
245119058133,0,TRIGGER_ON
245119169816,15,DATA1,4b 80 00 00 00 0f 00 00 00 00 00 00 00 d9 c3 
245697366066,0,TRIGGER_OFF
245697410666,15,DATA0,c3 00 00 00 00 0f 00 00 00 00 00 00 00 db bd 
246145104683,0,TRIGGER_ON
246145153533,15,DATA1,4b 80 00 00 00 0f 00 00 00 00 00 00 00 d9 c3 
246677917733,0,TRIGGER_OFF
246678020266,15,DATA0,c3 00 00 00 00 0f 00 00 00 00 00 00 00 db bd 
247453921000,0,TRIGGER_ON
247454007950,15,DATA1,4b 80 00 00 00 0f 00 00 00 00 00 00 00 d9 c3 
248287451266,0,TRIGGER_OFF
248287494516,15,DATA0,c3 00 00 00 00 0f 00 00 00 00 00 00 00 db bd 
249163131516,0,TRIGGER_ON
249163230633,15,DATA1,4b 80 00 00 00 0f 00 00 00 00 00 00 00 d9 c3 
249879590733,0,TRIGGER_OFF
249879719233,15,DATA0,c3 00 00 00 00 0f 00 00 00 00 00 00 00 db bd 
250377312083,0,TRIGGER_ON
250377336366,15,DATA1,4b 80 00 00 00 0f 00 00 00 00 00 00 00 d9 c3 
251093565683,0,TRIGGER_OFF
251093699983,15,DATA0,c3 00 00 00 00 0f 00 00 00 00 00 00 00 db bd 
251942015933,0,TRIGGER_ON
251942061516,15,DATA1,4b 80 00 00 00 0f 00 00 00 00 00 00 00 d9 c3 
252894116583,0,TRIGGER_OFF
252894171433,15,DATA0,c3 00 00 00 00 0f 00 00 00 00 00 00 00 db bd 
253810345233,0,TRIGGER_ON
253810406900,15,DATA1,4b 80 00 00 00 0f 00 00 00 00 00 00 00 d9 c3 
254581345900,0,TRIGGER_OFF
254581394650,15,DATA0,c3 00 00 00 00 0f 00 00 00 00 00 00 00 db bd 
254997997650,0,TRIGGER_ON
254998138033,15,DATA1,4b 80 00 00 00 0f 00 00 00 00 00 00 00 d9 c3 
255584924216,0,TRIGGER_OFF
255585003716,15,DATA0,c3 00 00 00 00 0f 00 00 00 00 00 00 00 db bd 
256077753550,0,TRIGGER_ON
256077871116,15,DATA1,4b 80 00 00 00 0f 00 00 00 00 00 00 00 d9 c3 
256890796766,0,TRIGGER_OFF
256890858566,15,DATA0,c3 00 00 00 00 0f 00 00 00 00 00 00 00 db bd 
257625767416,0,TRIGGER_ON
257625846516,15,DATA1,4b 80 00 00 00 0f 00 00 00 00 00 00 00 d9 c3 
258404740216,0,TRIGGER_OFF
258404834150,15,DATA0,c3 00 00 00 00 0f 00 00 00 00 00 00 00 db bd 
259145748450,0,TRIGGER_ON
259145822400,15,DATA1,4b 80 00 00 00 0f 00 00 00 00 00 00 00 d9 c3 
260016848700,0,TRIGGER_OFF
260016933350,15,DATA0,c3 00 00 00 00 0f 00 00 00 00 00 00 00 db bd 
260648627000,0,TRIGGER_ON
260648673316,15,DATA1,4b 80 00 00 00 0f 00 00 00 00 00 00 00 d9 c3 
261533740950,0,TRIGGER_OFF
261533784466,15,DATA0,c3 00 00 00 00 0f 00 00 00 00 00 00 00 db bd 
262418848400,0,TRIGGER_ON
262418895200,15,DATA1,4b 80 00 00 00 0f 00 00 00 00 00 00 00 d9 c3 
263374036100,0,TRIGGER_OFF
263374130050,15,DATA0,c3 00 00 00 00 0f 00 00 00 00 00 00 00 db bd 
264313721416,0,TRIGGER_ON
264313865116,15,DATA1,4b 80 00 00 00 0f 00 00 00 00 00 00 00 d9 c3 
264871557483,0,TRIGGER_OFF
264871606250,15,DATA0,c3 00 00 00 00 0f 00 00 00 00 00 00 00 db bd 
265324233083,0,TRIGGER_ON
265324349066,15,DATA1,4b 80 00 00 00 0f 00 00 00 00 00 00 00 d9 c3 
265960112416,0,TRIGGER_OFF
265960213983,15,DATA0,c3 00 00 00 00 0f 00 00 00 00 00 00 00 db bd 
266464854166,0,TRIGGER_ON
266464955950,15,DATA1,4b 80 00 00 00 0f 00 00 00 00 00 00 00 d9 c3 
267151784133,0,TRIGGER_OFF
267151820050,15,DATA0,c3 00 00 00 00 0f 00 00 00 00 00 00 00 db bd 
267736598933,0,TRIGGER_ON
267736685933,15,DATA1,4b 80 00 00 00 0f 00 00 00 00 00 00 00 d9 c3 
268690794666,0,TRIGGER_OFF
268690920583,15,DATA0,c3 00 00 00 00 0f 00 00 00 00 00 00 00 db bd 
269584925233,0,TRIGGER_ON
269585031366,15,DATA1,4b 80 00 00 00 0f 00 00 00 00 00 00 00 d9 c3 
270503119033,0,TRIGGER_OFF
270503141783,15,DATA0,c3 00 00 00 00 0f 00 00 00 00 00 00 00 db bd 
271497555483,0,TRIGGER_ON
271497626183,15,DATA1,4b 80 00 00 00 0f 00 00 00 00 00 00 00 d9 c3 
272094434083,0,TRIGGER_OFF
272094491483,15,DATA0,c3 00 00 00 00 0f 00 00 00 00 00 00 00 db bd 
272574801666,0,TRIGGER_ON
272574858866,15,DATA1,4b 80 00 00 00 0f 00 00 00 00 00 00 00 d9 c3 
273045224500,0,TRIGGER_OFF
273045351366,15,DATA0,c3 00 00 00 00 0f 00 00 00 00 00 00 00 db bd 
273957399783,0,TRIGGER_ON
273957461866,15,DATA1,4b 80 00 00 00 0f 00 00 00 00 00 00 00 d9 c3 
274640364466,0,TRIGGER_OFF
274640450983,15,DATA0,c3 00 00 00 00 0f 00 00 00 00 00 00 00 db bd 
275235236333,0,TRIGGER_ON
275235316550,15,DATA1,4b 80 00 00 00 0f 00 00 00 00 00 00 00 d9 c3 
275870110000,0,TRIGGER_OFF
275870181466,15,DATA0,c3 00 00 00 00 0f 00 00 00 00 00 00 00 db bd 
276547024783,0,TRIGGER_ON
276547045683,15,DATA1,4b 80 00 00 00 0f 00 00 00 00 00 00 00 d9 c3 
277242956933,0,TRIGGER_OFF
277243034616,15,DATA0,c3 00 00 00 00 0f 00 00 00 00 00 00 00 db bd 
277674630333,0,TRIGGER_ON
277674777750,15,DATA1,4b 80 00 00 00 0f 00 00 00 00 00 00 00 d9 c3 
278449645300,0,TRIGGER_OFF
278449765433,15,DATA0,c3 00 00 00 00 0f 00 00 00 00 00 00 00 db bd 
279089516933,0,TRIGGER_ON
279089630283,15,DATA1,4b 80 00 00 00 0f 00 00 00 00 00 00 00 d9 c3 
279942619116,0,TRIGGER_OFF
279942741716,15,DATA0,c3 00 00 00 00 0f 00 00 00 00 00 00 00 db bd 
280889808266,0,TRIGGER_ON
280889851683,15,DATA1,4b 80 00 00 00 0f 00 00 00 00 00 00 00 d9 c3 
281396551550,0,TRIGGER_OFF
281396593616,15,DATA0,c3 00 00 00 00 0f 00 00 00 00 00 00 00 db bd 
282193578366,0,TRIGGER_ON
282193705966,15,DATA1,4b 80 00 00 00 0f 00 00 00 00 00 00 00 d9 c3 
283117742000,0,TRIGGER_OFF
283117816316,15,DATA0,c3 00 00 00 00 0f 00 00 00 00 00 00 00 db bd 
283802662250,0,TRIGGER_ON
283802680433,15,DATA1,4b 80 00 00 00 0f 00 00 00 00 00 00 00 d9 c3 
284625475966,0,TRIGGER_OFF
284625542400,15,DATA0,c3 00 00 00 00 0f 00 00 00 00 00 00 00 db bd 
285115821883,0,TRIGGER_ON
285115909616,15,DATA1,4b 80 00 00 00 0f 00 00 00 00 00 00 00 d9 c3 
285989926416,0,TRIGGER_OFF
285990020733,15,DATA0,c3 00 00 00 00 0f 00 00 00 00 00 00 00 db bd 
286945102633,0,TRIGGER_ON
286945130583,15,DATA1,4b 80 00 00 00 0f 00 00 00 00 00 00 00 d9 c3 
287487886966,0,TRIGGER_OFF
287487996950,15,DATA0,c3 00 00 00 00 0f 00 00 00 00 00 00 00 db bd 
288096140366,0,TRIGGER_ON
288096237300,15,DATA1,4b 80 00 00 00 0f 00 00 00 00 00 00 00 d9 c3 
289085421800,0,TRIGGER_OFF
289085471600,15,DATA0,c3 00 00 00 00 0f 00 00 00 00 00 00 00 db bd 
290065686300,0,TRIGGER_ON
290065706066,15,DATA1,4b 80 00 00 00 0f 00 00 00 00 00 00 00 d9 c3 
290965822033,0,TRIGGER_OFF
290965941783,15,DATA0,c3 00 00 00 00 0f 00 00 00 00 00 00 00 db bd 
291532664650,0,TRIGGER_ON
291532682783,15,DATA1,4b 80 00 00 00 0f 00 00 00 00 00 00 00 d9 c3 
292213613550,0,TRIGGER_OFF
292213672000,15,DATA0,c3 00 00 00 00 0f 00 00 00 00 00 00 00 db bd 
292961585883,0,TRIGGER_ON
292961660116,15,DATA1,4b 80 00 00 00 0f 00 00 00 00 00 00 00 d9 c3 
293473379416,0,TRIGGER_OFF
293473401950,15,DATA0,c3 00 00 00 00 0f 00 00 00 00 00 00 00 db bd 
294190386416,0,TRIGGER_ON
294190515600,15,DATA1,4b 80 00 00 00 0f 00 00 00 00 00 00 00 d9 c3 
295099580650,0,TRIGGER_OFF
295099626166,15,DATA0,c3 00 00 00 00 0f 00 00 00 00 00 00 00 db bd 
296092807300,0,TRIGGER_ON
296092860416,15,DATA1,4b 80 00 00 00 0f 00 00 00 00 00 00 00 d9 c3 
296837791416,0,TRIGGER_OFF
296837848600,15,DATA0,c3 00 00 00 00 0f 00 00 00 00 00 00 00 db bd 
297740931233,0,TRIGGER_ON
297740959250,15,DATA1,4b 80 00 00 00 0f 00 00 00 00 00 00 00 d9 c3 
298715136166,0,TRIGGER_OFF
298715193983,15,DATA0,c3 00 00 00 00 0f 00 00 00 00 00 00 00 db bd 
299554210500,0,TRIGGER_ON
299554305466,15,DATA1,4b 80 00 00 00 0f 00 00 00 00 00 00 00 d9 c3 
300372274700,0,TRIGGER_OFF
300372417466,15,DATA0,c3 00 00 00 00 0f 00 00 00 00 00 00 00 db bd 
300970111450,0,TRIGGER_ON
300970158566,15,DATA1,4b 80 00 00 00 0f 00 00 00 00 00 00 00 d9 c3 
301763147333,0,TRIGGER_OFF
301763270400,15,DATA0,c3 00 00 00 00 0f 00 00 00 00 00 00 00 db bd 
302721134483,0,TRIGGER_ON
302721255183,15,DATA1,4b 80 00 00 00 0f 00 00 00 00 00 00 00 d9 c3 
303331985216,0,TRIGGER_OFF
303332120666,15,DATA0,c3 00 00 00 00 0f 00 00 00 00 00 00 00 db bd 
303886773500,0,TRIGGER_ON
303886861683,15,DATA1,4b 80 00 00 00 0f 00 00 00 00 00 00 00 d9 c3 
304509632266,0,TRIGGER_OFF
304509726783,15,DATA0,c3 00 00 00 00 0f 00 00 00 00 00 00 00 db bd 
305064422533,0,TRIGGER_ON
305064467966,15,DATA1,4b 80 00 00 00 0f 00 00 00 00 00 00 00 d9 c3 
305845438900,0,TRIGGER_OFF
305845580566,15,DATA0,c3 00 00 00 00 0f 00 00 00 00 00 00 00 db bd 
306349177850,0,TRIGGER_ON
306349322550,15,DATA1,4b 80 00 00 00 0f 00 00 00 00 00 00 00 d9 c3 
306969037500,0,TRIGGER_OFF
306969187700,15,DATA0,c3 00 00 00 00 0f 00 00 00 00 00 00 00 db bd 
307588891966,0,TRIGGER_ON
307588927850,15,DATA1,4b 80 00 00 00 0f 00 00 00 00 00 00 00 d9 c3 
308159704166,0,TRIGGER_OFF
308159793783,15,DATA0,c3 00 00 00 00 0f 00 00 00 00 00 00 00 db bd 
308604388650,0,TRIGGER_ON
308604411750,15,DATA1,4b 80 00 00 00 0f 00 00 00 00 00 00 00 d9 c3 
309302383733,0,TRIGGER_OFF
309302400650,15,DATA0,c3 00 00 00 00 0f 00 00 00 00 00 00 00 db bd 
309711074466,0,TRIGGER_ON
309711144150,15,DATA1,4b 80 00 00 00 0f 00 00 00 00 00 00 00 d9 c3 
310657250166,0,TRIGGER_OFF
310657379116,15,DATA0,c3 00 00 00 00 0f 00 00 00 00 00 00 00 db bd 
311116950816,0,TRIGGER_ON
311116997000,15,DATA1,4b 80 00 00 00 0f 00 00 00 00 00 00 00 d9 c3 
311682758300,0,TRIGGER_OFF
311682862816,15,DATA0,c3 00 00 00 00 0f 00 00 00 00 00 00 00 db bd 
312381687566,0,TRIGGER_ON
312381726716,15,DATA1,4b 80 00 00 00 0f 00 00 00 00 00 00 00 d9 c3 
313294736650,0,TRIGGER_OFF
313294837233,15,DATA0,c3 00 00 00 00 0f 00 00 00 00 00 00 00 db bd 
313808486500,0,TRIGGER_ON
313808579066,15,DATA1,4b 80 00 00 00 0f 00 00 00 00 00 00 00 d9 c3 
314292209083,0,TRIGGER_OFF
314292321366,15,DATA0,c3 00 00 00 00 0f 00 00 00 00 00 00 00 db bd 
315237382300,0,TRIGGER_ON
315237431366,15,DATA1,4b 80 00 00 00 0f 00 00 00 00 00 00 00 d9 c3 
316061440383,0,TRIGGER_OFF
316061543250,15,DATA0,c3 00 00 00 00 0f 00 00 00 00 00 00 00 db bd 
317021634666,0,TRIGGER_ON
317021778016,15,DATA1,4b 80 00 00 00 0f 00 00 00 00 00 00 00 d9 c3 
317982823983,0,TRIGGER_OFF
317982887916,15,DATA0,c3 00 00 00 00 0f 00 00 00 00 00 00 00 db bd 
318524602500,0,TRIGGER_ON
318524629116,15,DATA1,4b 80 00 00 00 0f 00 00 00 00 00 00 00 d9 c3 
319113437133,0,TRIGGER_OFF
319113494766,15,DATA0,c3 00 00 00 00 0f 00 00 00 00 00 00 00 db bd 
319902467350,0,TRIGGER_ON
319902607216,15,DATA1,4b 80 00 00 00 0f 00 00 00 00 00 00 00 d9 c3 
320820625566,0,TRIGGER_OFF
320820717600,15,DATA0,c3 00 00 00 00 0f 00 00 00 00 00 00 00 db bd 
321700666066,0,TRIGGER_ON
321700703616,15,DATA1,4b 80 00 00 00 0f 00 00 00 00 00 00 00 d9 c3 
322261463766,0,TRIGGER_OFF
322261569700,15,DATA0,c3 00 00 00 00 0f 00 00 00 00 00 00 00 db bd 
323068504100,0,TRIGGER_ON
323068556866,15,DATA1,4b 80 00 00 00 0f 00 00 00 00 00 00 00 d9 c3 
323475210850,0,TRIGGER_OFF
323475300400,15,DATA0,c3 00 00 00 00 0f 00 00 00 00 00 00 00 db bd 
324269351833,0,TRIGGER_ON
324269412750,15,DATA1,4b 80 00 00 00 0f 00 00 00 00 00 00 00 d9 c3 
324805183233,0,TRIGGER_OFF
324805279233,15,DATA0,c3 00 00 00 00 0f 00 00 00 00 00 00 00 db bd 
325322934133,0,TRIGGER_ON
325323021000,15,DATA1,4b 80 00 00 00 0f 00 00 00 00 00 00 00 d9 c3 
325784636100,0,TRIGGER_OFF
325784763850,15,DATA0,c3 00 00 00 00 0f 00 00 00 00 00 00 00 db bd 
326677753266,0,TRIGGER_ON
326677874466,15,DATA1,4b 80 00 00 00 0f 00 00 00 00 00 00 00 d9 c3 
327518829750,0,TRIGGER_OFF
327518861083,15,DATA0,c3 00 00 00 00 0f 00 00 00 00 00 00 00 db bd 
328424027900,0,TRIGGER_ON
328424096683,15,DATA1,4b 80 00 00 00 0f 00 00 00 00 00 00 00 d9 c3 
329257205483,0,TRIGGER_OFF
329257333450,15,DATA0,c3 00 00 00 00 0f 00 00 00 00 00 00 00 db bd 
329733970200,0,TRIGGER_ON
329734075833,15,DATA1,4b 80 00 00 00 0f 00 00 00 00 00 00 00 d9 c3 
330708178483,0,TRIGGER_OFF
330708310350,15,DATA0,c3 00 00 00 00 0f 00 00 00 00 00 00 00 db bd 
331310019833,0,TRIGGER_ON
331310050766,15,DATA1,4b 80 00 00 00 0f 00 00 00 00 00 00 00 d9 c3 
331982891516,0,TRIGGER_OFF
331983040033,15,DATA0,c3 00 00 00 00 0f 00 00 00 00 00 00 00 db bd 
332732900250,0,TRIGGER_ON
332733028116,15,DATA1,4b 80 00 00 00 0f 00 00 00 00 00 00 00 d9 c3 
333220623000,0,TRIGGER_OFF
333220645566,15,DATA0,c3 00 00 00 00 0f 00 00 00 00 00 00 00 db bd 
333897533000,0,TRIGGER_ON
333897635166,15,DATA1,4b 80 00 00 00 0f 00 00 00 00 00 00 00 d9 c3 
334321190816,0,TRIGGER_OFF
334321252833,15,DATA0,c3 00 00 00 00 0f 00 00 00 00 00 00 00 db bd 
335138995866,0,TRIGGER_ON
335139114850,15,DATA1,4b 80 00 00 00 0f 00 00 00 00 00 00 00 d9 c3 
336122210316,0,TRIGGER_OFF
336122349150,15,DATA0,c3 00 00 00 00 0f 00 00 00 00 00 00 00 db bd 
336966341950,0,TRIGGER_ON
336966460716,15,DATA1,4b 80 00 00 00 0f 00 00 00 00 00 00 00 d9 c3 
337445122066,0,TRIGGER_OFF
337445203116,15,DATA0,c3 00 00 00 00 0f 00 00 00 00 00 00 00 db bd 
338427332083,0,TRIGGER_ON
338427437483,15,DATA1,4b 80 00 00 00 0f 00 00 00 00 00 00 00 d9 c3 
339241613166,0,TRIGGER_OFF
339241674516,15,DATA0,c3 00 00 00 00 0f 00 00 00 00 00 00 00 db bd 
340152201633,0,TRIGGER_ON
340152285016,15,DATA1,4b 80 00 00 00 0f 00 00 00 00 00 00 00 d9 c3 
340902189416,0,TRIGGER_OFF
340902273050,15,DATA0,c3 00 00 00 00 0f 00 00 00 00 00 00 00 db bd 
341805319716,0,TRIGGER_ON
341805383666,15,DATA1,4b 80 00 00 00 0f 00 00 00 00 00 00 00 d9 c3 
342296768783,0,TRIGGER_OFF
342296875833,15,DATA0,c3 00 00 00 00 0f 00 00 00 00 00 00 00 db bd 
343234852483,0,TRIGGER_ON
343234985883,15,DATA1,4b 80 00 00 00 0f 00 00 00 00 00 00 00 d9 c3 
343797702000,0,TRIGGER_OFF
343797726933,15,DATA0,c3 00 00 00 00 0f 00 00 00 00 00 00 00 db bd 
344694875483,0,TRIGGER_ON
344694962650,15,DATA1,4b 80 00 00 00 0f 00 00 00 00 00 00 00 d9 c3 
345640049866,0,TRIGGER_OFF
345640197583,15,DATA0,c3 00 00 00 00 0f 00 00 00 00 00 00 00 db bd 
346412064500,0,TRIGGER_ON
346412185266,15,DATA1,4b 80 00 00 00 0f 00 00 00 00 00 00 00 d9 c3 
346967859900,0,TRIGGER_OFF
346967926400,15,DATA0,c3 00 00 00 00 0f 00 00 00 00 00 00 00 db bd 
347628761766,0,TRIGGER_ON
347628790866,15,DATA1,4b 80 00 00 00 0f 00 00 00 00 00 00 00 d9 c3 
348187559833,0,TRIGGER_OFF
348187656966,15,DATA0,c3 00 00 00 00 0f 00 00 00 00 00 00 00 db bd 
348664376866,0,TRIGGER_ON
348664524350,15,DATA1,4b 80 00 00 00 0f 00 00 00 00 00 00 00 d9 c3 
349275272083,0,TRIGGER_OFF
349275389816,15,DATA0,c3 00 00 00 00 0f 00 00 00 00 00 00 00 db bd 
350266499233,0,TRIGGER_ON
350266623816,15,DATA1,4b 80 00 00 00 0f 00 00 00 00 00 00 00 d9 c3 
351234752533,0,TRIGGER_OFF
351234858383,15,DATA0,c3 00 00 00 00 0f 00 00 00 00 00 00 00 db bd 
351644443550,0,TRIGGER_ON
351644476866,15,DATA1,4b 80 00 00 00 0f 00 00 00 00 00 00 00 d9 c3 
352349388233,0,TRIGGER_OFF
352349465616,15,DATA0,c3 00 00 00 00 0f 00 00 00 00 00 00 00 db bd 
352882165300,0,TRIGGER_ON
352882207150,15,DATA1,4b 80 00 00 00 0f 00 00 00 00 00 00 00 d9 c3 
353436004183,0,TRIGGER_OFF
353436073300,15,DATA0,c3 00 00 00 00 0f 00 00 00 00 00 00 00 db bd 
354376173833,0,TRIGGER_ON
354376308516,15,DATA1,4b 80 00 00 00 0f 00 00 00 00 00 00 00 d9 c3 
355119146483,0,TRIGGER_OFF
355119171466,15,DATA0,c3 00 00 00 00 0f 00 00 00 00 00 00 00 db bd 
355716975966,0,TRIGGER_ON
355717036933,15,DATA1,4b 80 00 00 00 0f 00 00 00 00 00 00 00 d9 c3 
356261764900,0,TRIGGER_OFF
356261903233,15,DATA0,c3 00 00 00 00 0f 00 00 00 00 00 00 00 db bd 
357204940200,0,TRIGGER_ON
357205013183,15,DATA1,4b 80 00 00 00 0f 00 00 00 00 00 00 00 d9 c3 
358036008316,0,TRIGGER_OFF
358036124916,15,DATA0,c3 00 00 00 00 0f 00 00 00 00 00 00 00 db bd 
358660909933,0,TRIGGER_ON
358660989983,15,DATA1,4b 80 00 00 00 0f 00 00 00 00 00 00 00 d9 c3 
359427998033,0,TRIGGER_OFF
359428102716,15,DATA0,c3 00 00 00 00 0f 00 00 00 00 00 00 00 db bd 
360162014483,0,TRIGGER_ON
360162091016,15,DATA1,4b 80 00 00 00 0f 00 00 00 00 00 00 00 d9 c3 
360640737816,0,TRIGGER_OFF
360640833366,15,DATA0,c3 00 00 00 00 0f 00 00 00 00 00 00 00 db bd 
361177511350,0,TRIGGER_ON
361177574816,15,DATA1,4b 80 00 00 00 0f 00 00 00 00 00 00 00 d9 c3 
361762335533,0,TRIGGER_OFF
361762440500,15,DATA0,c3 00 00 00 00 0f 00 00 00 00 00 00 00 db bd 
362603409900,0,TRIGGER_ON
362603552083,15,DATA1,4b 80 00 00 00 0f 00 00 00 00 00 00 00 d9 c3 
363505596366,0,TRIGGER_OFF
363505662650,15,DATA0,c3 00 00 00 00 0f 00 00 00 00 00 00 00 db bd 
364097426566,0,TRIGGER_ON
364097528216,15,DATA1,4b 80 00 00 00 0f 00 00 00 00 00 00 00 d9 c3 
364843398033,0,TRIGGER_OFF
364843516300,15,DATA0,c3 00 00 00 00 0f 00 00 00 00 00 00 00 db bd 
365795624633,0,TRIGGER_ON
365795751116,15,DATA1,4b 80 00 00 00 0f 00 00 00 00 00 00 00 d9 c3 
366593462516,0,TRIGGER_OFF
366593613400,15,DATA0,c3 00 00 00 00 0f 00 00 00 00 00 00 00 db bd 
367288951983,0,TRIGGER_ON
367289102866,15,DATA1,4b 80 00 00 00 0f 00 00 00 00 00 00 00 d9 c3 
368075677883,0,TRIGGER_OFF
368075714716,15,DATA0,c3 00 00 00 00 0f 00 00 00 00 00 00 00 db bd 
369030327266,0,TRIGGER_ON
369030449483,15,DATA1,4b 80 00 00 00 0f 00 00 00 00 00 00 00 d9 c3 
369866795800,0,TRIGGER_OFF
369866936116,15,DATA0,c3 00 00 00 00 0f 00 00 00 00 00 00 00 db bd 
370411363483,0,TRIGGER_ON
370411427433,15,DATA1,4b 80 00 00 00 0f 00 00 00 00 00 00 00 d9 c3 
371056279950,0,TRIGGER_OFF
371056417166,15,DATA0,c3 00 00 00 00 0f 00 00 00 00 00 00 00 db bd 
371758211133,0,TRIGGER_ON
371758280933,15,DATA1,4b 80 00 00 00 0f 00 00 00 00 00 00 00 d9 c3 
372639568566,0,TRIGGER_OFF
372639641866,15,DATA0,c3 00 00 00 00 0f 00 00 00 00 00 00 00 db bd 
373577734933,0,TRIGGER_ON
373577876883,15,DATA1,4b 80 00 00 00 0f 00 00 00 00 00 00 00 d9 c3 
374043473216,0,TRIGGER_OFF
374043494450,15,DATA0,c3 00 00 00 00 0f 00 00 00 00 00 00 00 db bd 
374780019500,0,TRIGGER_ON
374780107683,15,DATA1,4b 80 00 00 00 0f 00 00 00 00 00 00 00 d9 c3 
375731006733,0,TRIGGER_OFF
375731092483,15,DATA0,c3 00 00 00 00 0f 00 00 00 00 00 00 00 db bd 
376547076400,0,TRIGGER_ON
376547204483,15,DATA1,4b 80 00 00 00 0f 00 00 00 00 00 00 00 d9 c3 
377313078066,0,TRIGGER_OFF
377313192216,15,DATA0,c3 00 00 00 00 0f 00 00 00 00 00 00 00 db bd 
378086077466,0,TRIGGER_ON
378086179900,15,DATA1,4b 80 00 00 00 0f 00 00 00 00 00 00 00 d9 c3 
378496550700,0,TRIGGER_OFF
378496673316,15,DATA0,c3 00 00 00 00 0f 00 00 00 00 00 00 00 db bd 
379017298566,0,TRIGGER_ON
379017415016,15,DATA1,4b 80 00 00 00 0f 00 00 00 00 00 00 00 d9 c3 
379716223683,0,TRIGGER_OFF
379716278850,15,DATA0,c3 00 00 00 00 0f 00 00 00 00 00 00 00 db bd 
380335076400,0,TRIGGER_ON
380335143966,15,DATA1,4b 80 00 00 00 0f 00 00 00 00 00 00 00 d9 c3 
381103073750,0,TRIGGER_OFF
381103131716,15,DATA0,c3 00 00 00 00 0f 00 00 00 00 00 00 00 db bd 
381678861583,0,TRIGGER_ON
381678997500,15,DATA1,4b 80 00 00 00 0f 00 00 00 00 00 00 00 d9 c3 
382321712666,0,TRIGGER_OFF
382321862416,15,DATA0,c3 00 00 00 00 0f 00 00 00 00 00 00 00 db bd 
383273872400,0,TRIGGER_ON
383273972033,15,DATA1,4b 80 00 00 00 0f 00 00 00 00 00 00 00 d9 c3 
383735548183,0,TRIGGER_OFF
383735589666,15,DATA0,c3 00 00 00 00 0f 00 00 00 00 00 00 00 db bd 
384361083283,0,TRIGGER_ON
384361204666,15,DATA1,4b 80 00 00 00 0f 00 00 00 00 00 00 00 d9 c3 
385126105150,0,TRIGGER_OFF
385126192433,15,DATA0,c3 00 00 00 00 0f 00 00 00 00 00 00 00 db bd 
385858472766,0,TRIGGER_ON
385858555716,15,DATA1,4b 80 00 00 00 0f 00 00 00 00 00 00 00 d9 c3 
386309140633,0,TRIGGER_OFF
386309173533,15,DATA0,c3 00 00 00 00 0f 00 00 00 00 00 00 00 db bd 
386904781300,0,TRIGGER_ON
386904914000,15,DATA1,4b 80 00 00 00 0f 00 00 00 00 00 00 00 d9 c3 
387537094816,0,TRIGGER_OFF
387537153883,15,DATA0,c3 00 00 00 00 0f 00 00 00 00 00 00 00 db bd 
388075338183,0,TRIGGER_ON
388075395250,15,DATA1,4b 80 00 00 00 0f 00 00 00 00 00 00 00 d9 c3 
388940716300,0,TRIGGER_OFF
388940756600,15,DATA0,c3 00 00 00 00 0f 00 00 00 00 00 00 00 db bd 
389711451733,0,TRIGGER_ON
389711494116,15,DATA1,4b 80 00 00 00 0f 00 00 00 00 00 00 00 d9 c3 
390602400616,0,TRIGGER_OFF
390602479850,15,DATA0,c3 00 00 00 00 0f 00 00 00 00 00 00 00 db bd 
391446543233,0,TRIGGER_ON
391446591350,15,DATA1,4b 80 00 00 00 0f 00 00 00 00 00 00 00 d9 c3 
392217681700,0,TRIGGER_OFF
392217704183,15,DATA0,c3 00 00 00 00 0f 00 00 00 00 00 00 00 db bd 
392902645300,0,TRIGGER_ON
392902693250,15,DATA1,4b 80 00 00 00 0f 00 00 00 00 00 00 00 d9 c3 
393653628816,0,TRIGGER_OFF
393653681250,15,DATA0,c3 00 00 00 00 0f 00 00 00 00 00 00 00 db bd 
394629690266,0,TRIGGER_ON
394629790466,15,DATA1,4b 80 00 00 00 0f 00 00 00 00 00 00 00 d9 c3 
395177524366,0,TRIGGER_OFF
395177656883,15,DATA0,c3 00 00 00 00 0f 00 00 00 00 00 00 00 db bd 
395921501516,0,TRIGGER_ON
395921645000,15,DATA1,4b 80 00 00 00 0f 00 00 00 00 00 00 00 d9 c3 
396572005283,0,TRIGGER_OFF
396572134433,15,DATA0,c3 00 00 00 00 0f 00 00 00 00 00 00 00 db bd 
397297495550,0,TRIGGER_ON
397297623033,15,DATA1,4b 80 00 00 00 0f 00 00 00 00 00 00 00 d9 c3 
398094613316,0,TRIGGER_OFF
398094735133,15,DATA0,c3 00 00 00 00 0f 00 00 00 00 00 00 00 db bd 
398970768750,0,TRIGGER_ON
398970846166,15,DATA1,4b 80 00 00 00 0f 00 00 00 00 00 00 00 d9 c3 
399950005783,0,TRIGGER_OFF
399950080550,15,DATA0,c3 00 00 00 00 0f 00 00 00 00 00 00 00 db bd 
400587873833,0,TRIGGER_ON
400587945350,15,DATA1,4b 80 00 00 00 0f 00 00 00 00 00 00 00 d9 c3 
401054573783,0,TRIGGER_OFF
401054687933,15,DATA0,c3 00 00 00 00 0f 00 00 00 00 00 00 00 db bd 
402016765633,0,TRIGGER_ON
402016797566,15,DATA1,4b 80 00 00 00 0f 00 00 00 00 00 00 00 d9 c3 
402560306666,0,TRIGGER_OFF
402560413916,15,DATA0,c3 00 00 00 00 0f 00 00 00 00 00 00 00 db bd 
403448420333,0,TRIGGER_ON
403448525350,15,DATA1,4b 80 00 00 00 0f 00 00 00 00 00 00 00 d9 c3 
403852060150,0,TRIGGER_OFF
403852143316,15,DATA0,c3 00 00 00 00 0f 00 00 00 00 00 00 00 db bd 
404808244950,0,TRIGGER_ON
404808378083,15,DATA1,4b 80 00 00 00 0f 00 00 00 00 00 00 00 d9 c3 
405327981350,0,TRIGGER_OFF
405328119783,15,DATA0,c3 00 00 00 00 0f 00 00 00 00 00 00 00 db bd 
406166074233,0,TRIGGER_ON
406166106416,15,DATA1,4b 80 00 00 00 0f 00 00 00 00 00 00 00 d9 c3 
407139366483,0,TRIGGER_OFF
407139466100,15,DATA0,c3 00 00 00 00 0f 00 00 00 00 00 00 00 db bd 
408105585700,0,TRIGGER_ON
408105700516,15,DATA1,4b 80 00 00 00 0f 00 00 00 00 00 00 00 d9 c3 
408938642000,0,TRIGGER_OFF
408938687233,15,DATA0,c3 00 00 00 00 0f 00 00 00 00 00 00 00 db bd 
409615582933,0,TRIGGER_ON
409615676450,15,DATA1,4b 80 00 00 00 0f 00 00 00 00 00 00 00 d9 c3 
410481737400,0,TRIGGER_OFF
410481787666,15,DATA0,c3 00 00 00 00 0f 00 00 00 00 00 00 00 db bd 
411437919050,0,TRIGGER_ON
411438022433,15,DATA1,4b 80 00 00 00 0f 00 00 00 00 00 00 00 d9 c3 
412303001050,0,TRIGGER_OFF
412303133616,15,DATA0,c3 00 00 00 00 0f 00 00 00 00 00 00 00 db bd 
412872788700,0,TRIGGER_ON
412872874516,15,DATA1,4b 80 00 00 00 0f 00 00 00 00 00 00 00 d9 c3 
413365486816,0,TRIGGER_OFF
413365616700,15,DATA0,c3 00 00 00 00 0f 00 00 00 00 00 00 00 db bd 
413918304350,0,TRIGGER_ON
413918358050,15,DATA1,4b 80 00 00 00 0f 00 00 00 00 00 00 00 d9 c3 
414611264300,0,TRIGGER_OFF
414611347033,15,DATA0,c3 00 00 00 00 0f 00 00 00 00 00 00 00 db bd 
415122991350,0,TRIGGER_ON
415123088683,15,DATA1,4b 80 00 00 00 0f 00 00 00 00 00 00 00 d9 c3 
415942013966,0,TRIGGER_OFF
415942075616,15,DATA0,c3 00 00 00 00 0f 00 00 00 00 00 00 00 db bd 
416743026783,0,TRIGGER_ON
416743062866,15,DATA1,4b 80 00 00 00 0f 00 00 00 00 00 00 00 d9 c3 
417665150416,0,TRIGGER_OFF
417665173150,15,DATA0,c3 00 00 00 00 0f 00 00 00 00 00 00 00 db bd 
418191889833,0,TRIGGER_ON
418192039750,15,DATA1,4b 80 00 00 00 0f 00 00 00 00 00 00 00 d9 c3 
418708528166,0,TRIGGER_OFF
418708656516,15,DATA0,c3 00 00 00 00 0f 00 00 00 00 00 00 00 db bd 
419368413033,0,TRIGGER_ON
419368521016,15,DATA1,4b 80 00 00 00 0f 00 00 00 00 00 00 00 d9 c3 
420042292300,0,TRIGGER_OFF
420042385266,15,DATA0,c3 00 00 00 00 0f 00 00 00 00 00 00 00 db bd 
420833301816,0,TRIGGER_ON
420833372633,15,DATA1,4b 80 00 00 00 0f 00 00 00 00 00 00 00 d9 c3 
421537223300,0,TRIGGER_OFF
421537361383,15,DATA0,c3 00 00 00 00 0f 00 00 00 00 00 00 00 db bd 
422083982133,0,TRIGGER_ON
422084102716,15,DATA1,4b 80 00 00 00 0f 00 00 00 00 00 00 00 d9 c3 
422865971666,0,TRIGGER_OFF
422866090200,15,DATA0,c3 00 00 00 00 0f 00 00 00 00 00 00 00 db bd 
423274438683,0,TRIGGER_ON
423274583716,15,DATA1,4b 80 00 00 00 0f 00 00 00 00 00 00 00 d9 c3 
424053443883,0,TRIGGER_OFF
424053571283,15,DATA0,c3 00 00 00 00 0f 00 00 00 00 00 00 00 db bd 
424680289533,0,TRIGGER_ON
424680311283,15,DATA1,4b 80 00 00 00 0f 00 00 00 00 00 00 00 d9 c3 
425594477400,0,TRIGGER_OFF
425594546716,15,DATA0,c3 00 00 00 00 0f 00 00 00 00 00 00 00 db bd 
426433552133,0,TRIGGER_ON
426433658333,15,DATA1,4b 80 00 00 00 0f 00 00 00 00 00 00 00 d9 c3 
427110461433,0,TRIGGER_OFF
427110522550,15,DATA0,c3 00 00 00 00 0f 00 00 00 00 00 00 00 db bd 
427634193016,0,TRIGGER_ON
427634264183,15,DATA1,4b 80 00 00 00 0f 00 00 00 00 00 00 00 d9 c3 
428039832300,0,TRIGGER_OFF
428039882733,15,DATA0,c3 00 00 00 00 0f 00 00 00 00 00 00 00 db bd 
428591623150,0,TRIGGER_ON
428591748933,15,DATA1,4b 80 00 00 00 0f 00 00 00 00 00 00 00 d9 c3 
429384620233,0,TRIGGER_OFF
429384736266,15,DATA0,c3 00 00 00 00 0f 00 00 00 00 00 00 00 db bd 
430381824783,0,TRIGGER_ON
430381970383,15,DATA1,4b 80 00 00 00 0f 00 00 00 00 00 00 00 d9 c3 
431286008366,0,TRIGGER_OFF
431286081133,15,DATA0,c3 00 00 00 00 0f 00 00 00 00 00 00 00 db bd 
431974939100,0,TRIGGER_ON
431975070133,15,DATA1,4b 80 00 00 00 0f 00 00 00 00 00 00 00 d9 c3 
432436623250,0,TRIGGER_OFF
432436687616,15,DATA0,c3 00 00 00 00 0f 00 00 00 00 00 00 00 db bd 
433279914016,0,TRIGGER_ON
433280049733,15,DATA1,4b 80 00 00 00 0f 00 00 00 00 00 00 00 d9 c3 
433845773100,0,TRIGGER_OFF
433845915133,15,DATA0,c3 00 00 00 00 0f 00 00 00 00 00 00 00 db bd 
434375578000,0,TRIGGER_ON
434375656683,15,DATA1,4b 80 00 00 00 0f 00 00 00 00 00 00 00 d9 c3 
434812254016,0,TRIGGER_OFF
434812399716,15,DATA0,c3 00 00 00 00 0f 00 00 00 00 00 00 00 db bd 
435405583933,0,TRIGGER_ON
435405640216,15,DATA1,4b 80 00 00 00 0f 00 00 00 00 00 00 00 d9 c3 
435827290033,0,TRIGGER_OFF
435827383516,15,DATA0,c3 00 00 00 00 0f 00 00 00 00 00 00 00 db bd 
436808491883,0,TRIGGER_ON
436808617866,15,DATA1,4b 80 00 00 00 0f 00 00 00 00 00 00 00 d9 c3 
437315226633,0,TRIGGER_OFF
437315359783,15,DATA0,c3 00 00 00 00 0f 00 00 00 00 00 00 00 db bd 
438259451100,0,TRIGGER_ON
438259594700,15,DATA1,4b 80 00 00 00 0f 00 00 00 00 00 00 00 d9 c3 
438769250083,0,TRIGGER_OFF
438769336550,15,DATA0,c3 00 00 00 00 0f 00 00 00 00 00 00 00 db bd 
439184735616,0,TRIGGER_ON
439184829950,15,DATA1,4b 80 00 00 00 0f 00 00 00 00 00 00 00 d9 c3 
440166944650,0,TRIGGER_OFF
440167064266,15,DATA0,c3 00 00 00 00 0f 00 00 00 00 00 00 00 db bd 
440597650400,0,TRIGGER_ON
440597682400,15,DATA1,4b 80 00 00 00 0f 00 00 00 00 00 00 00 d9 c3 
441372723250,0,TRIGGER_OFF
441372795016,15,DATA0,c3 00 00 00 00 0f 00 00 00 00 00 00 00 db bd 
442146807183,0,TRIGGER_ON
442146907866,15,DATA1,4b 80 00 00 00 0f 00 00 00 00 00 00 00 d9 c3 
443099032016,0,TRIGGER_OFF
443099142450,15,DATA0,c3 00 00 00 00 0f 00 00 00 00 00 00 00 db bd 
443983214583,0,TRIGGER_ON
443983253350,15,DATA1,4b 80 00 00 00 0f 00 00 00 00 00 00 00 d9 c3 
444969461333,0,TRIGGER_OFF
444969612600,15,DATA0,c3 00 00 00 00 0f 00 00 00 00 00 00 00 db bd 
445523236766,0,TRIGGER_ON
445523353766,15,DATA1,4b 80 00 00 00 0f 00 00 00 00 00 00 00 d9 c3 
446394316533,0,TRIGGER_OFF
446394464866,15,DATA0,c3 00 00 00 00 0f 00 00 00 00 00 00 00 db bd 
447029178566,0,TRIGGER_ON
447029204733,15,DATA1,4b 80 00 00 00 0f 00 00 00 00 00 00 00 d9 c3 
447589975350,0,TRIGGER_OFF
447590070766,15,DATA0,c3 00 00 00 00 0f 00 00 00 00 00 00 00 db bd 
448165870216,0,TRIGGER_ON
448165936566,15,DATA1,4b 80 00 00 00 0f 00 00 00 00 00 00 00 d9 c3 
448941006633,0,TRIGGER_OFF
448941049216,15,DATA0,c3 00 00 00 00 0f 00 00 00 00 00 00 00 db bd 
449359717666,0,TRIGGER_ON
449359793100,15,DATA1,4b 80 00 00 00 0f 00 00 00 00 00 00 00 d9 c3 
449773373416,0,TRIGGER_OFF
449773410950,15,DATA0,c3 00 00 00 00 0f 00 00 00 00 00 00 00 db bd 
450664553316,0,TRIGGER_ON
450664646700,15,DATA1,4b 80 00 00 00 0f 00 00 00 00 00 00 00 d9 c3 
451333512866,0,TRIGGER_OFF
451333636000,15,DATA0,c3 00 00 00 00 0f 00 00 00 00 00 00 00 db bd 
452092509783,0,TRIGGER_ON
452092623900,15,DATA1,4b 80 00 00 00 0f 00 00 00 00 00 00 00 d9 c3 
452756412550,0,TRIGGER_OFF
452756488283,15,DATA0,c3 00 00 00 00 0f 00 00 00 00 00 00 00 db bd 
453547437533,0,TRIGGER_ON
453547475666,15,DATA1,4b 80 00 00 00 0f 00 00 00 00 00 00 00 d9 c3 
454335454216,0,TRIGGER_OFF
454335588083,15,DATA0,c3 00 00 00 00 0f 00 00 00 00 00 00 00 db bd 
455250606916,0,TRIGGER_ON
455250698666,15,DATA1,4b 80 00 00 00 0f 00 00 00 00 00 00 00 d9 c3 
456165762383,0,TRIGGER_OFF
456165808883,15,DATA0,c3 00 00 00 00 0f 00 00 00 00 00 00 00 db bd 
456581418466,0,TRIGGER_ON
456581552250,15,DATA1,4b 80 00 00 00 0f 00 00 00 00 00 00 00 d9 c3 
457474539550,0,TRIGGER_OFF
457474663183,15,DATA0,c3 00 00 00 00 0f 00 00 00 00 00 00 00 db bd 
458461753983,0,TRIGGER_ON
458461772216,15,DATA1,4b 80 00 00 00 0f 00 00 00 00 00 00 00 d9 c3 
459446960966,0,TRIGGER_OFF
459447006500,15,DATA0,c3 00 00 00 00 0f 00 00 00 00 00 00 00 db bd 
460368108433,0,TRIGGER_ON
460368241783,15,DATA1,4b 80 00 00 00 0f 00 00 00 00 00 00 00 d9 c3 
460838875650,0,TRIGGER_OFF
460838984283,15,DATA0,c3 00 00 00 00 0f 00 00 00 00 00 00 00 db bd 
461320652066,0,TRIGGER_ON
461320726550,15,DATA1,4b 80 00 00 00 0f 00 00 00 00 00 00 00 d9 c3 
461753324400,0,TRIGGER_OFF
461753469650,15,DATA0,c3 00 00 00 00 0f 00 00 00 00 00 00 00 db bd 
462662549150,0,TRIGGER_ON
462662580316,15,DATA1,4b 80 00 00 00 0f 00 00 00 00 00 00 00 d9 c3 
463315491783,0,TRIGGER_OFF
463315569900,15,DATA0,c3 00 00 00 00 0f 00 00 00 00 00 00 00 db bd 
464014429433,0,TRIGGER_ON
464014558733,15,DATA1,4b 80 00 00 00 0f 00 00 00 00 00 00 00 d9 c3 
464490138750,0,TRIGGER_OFF
464490175933,15,DATA0,c3 00 00 00 00 0f 00 00 00 00 00 00 00 db bd 
465243865516,0,TRIGGER_ON
465243913866,15,DATA1,4b 80 00 00 00 0f 00 00 00 00 00 00 00 d9 c3 
466109980916,0,TRIGGER_OFF
466110025083,15,DATA0,c3 00 00 00 00 0f 00 00 00 00 00 00 00 db bd 
466889992616,0,TRIGGER_ON
466890137633,15,DATA1,4b 80 00 00 00 0f 00 00 00 00 00 00 00 d9 c3 
467335914433,0,TRIGGER_OFF
467336005483,15,DATA0,c3 00 00 00 00 0f 00 00 00 00 00 00 00 db bd 
467738605466,0,TRIGGER_ON
467738749066,15,DATA1,4b 80 00 00 00 0f 00 00 00 00 00 00 00 d9 c3 
468503653883,0,TRIGGER_OFF
468503736833,15,DATA0,c3 00 00 00 00 0f 00 00 00 00 00 00 00 db bd 
469197216133,0,TRIGGER_ON
469197350750,15,DATA1,4b 80 00 00 00 0f 00 00 00 00 00 00 00 d9 c3 
469802050566,0,TRIGGER_OFF
469802091100,15,DATA0,c3 00 00 00 00 0f 00 00 00 00 00 00 00 db bd 
470550812966,0,TRIGGER_ON
470550954166,15,DATA1,4b 80 00 00 00 0f 00 00 00 00 00 00 00 d9 c3 
471047662733,0,TRIGGER_OFF
471047696233,15,DATA0,c3 00 00 00 00 0f 00 00 00 00 00 00 00 db bd 
471577512750,0,TRIGGER_ON
471577562766,15,DATA1,4b 80 00 00 00 0f 00 00 00 00 00 00 00 d9 c3 
472097345833,0,TRIGGER_OFF
472097429650,15,DATA0,c3 00 00 00 00 0f 00 00 00 00 00 00 00 db bd 
472943527983,0,TRIGGER_ON
472943665933,15,DATA1,4b 80 00 00 00 0f 00 00 00 00 00 00 00 d9 c3 
473854725316,0,TRIGGER_OFF
473854776383,15,DATA0,c3 00 00 00 00 0f 00 00 00 00 00 00 00 db bd 
474498391283,0,TRIGGER_ON
474498516116,15,DATA1,4b 80 00 00 00 0f 00 00 00 00 00 00 00 d9 c3 
474939197283,0,TRIGGER_OFF
474939259100,15,DATA0,c3 00 00 00 00 0f 00 00 00 00 00 00 00 db bd 
475837285766,0,TRIGGER_ON
475837369916,15,DATA1,4b 80 00 00 00 0f 00 00 00 00 00 00 00 d9 c3 
476249069816,0,TRIGGER_OFF
476249113166,15,DATA0,c3 00 00 00 00 0f 00 00 00 00 00 00 00 db bd 
477096980783,0,TRIGGER_ON
477097099633,15,DATA1,4b 80 00 00 00 0f 00 00 00 00 00 00 00 d9 c3 
477925083566,0,TRIGGER_OFF
477925211400,15,DATA0,c3 00 00 00 00 0f 00 00 00 00 00 00 00 db bd 
478385777516,0,TRIGGER_ON
478385829016,15,DATA1,4b 80 00 00 00 0f 00 00 00 00 00 00 00 d9 c3 
478920635066,0,TRIGGER_OFF
478920695483,15,DATA0,c3 00 00 00 00 0f 00 00 00 00 00 00 00 db bd 
479701709250,0,TRIGGER_ON
479701808000,15,DATA1,4b 80 00 00 00 0f 00 00 00 00 00 00 00 d9 c3 
480670963483,0,TRIGGER_OFF
480671042533,15,DATA0,c3 00 00 00 00 0f 00 00 00 00 00 00 00 db bd 
481148730850,0,TRIGGER_ON
481148784883,15,DATA1,4b 80 00 00 00 0f 00 00 00 00 00 00 00 d9 c3 
481918737566,0,TRIGGER_OFF
481918772600,15,DATA0,c3 00 00 00 00 0f 00 00 00 00 00 00 00 db bd 
482815857400,0,TRIGGER_ON
482815883300,15,DATA1,4b 80 00 00 00 0f 00 00 00 00 00 00 00 d9 c3 
483253533166,0,TRIGGER_OFF
483253626300,15,DATA0,c3 00 00 00 00 0f 00 00 00 00 00 00 00 db bd 
483742257016,0,TRIGGER_ON
483742368483,15,DATA1,4b 80 00 00 00 0f 00 00 00 00 00 00 00 d9 c3 
484366111016,0,TRIGGER_OFF
484366233733,15,DATA0,c3 00 00 00 00 0f 00 00 00 00 00 00 00 db bd 
485204176133,0,TRIGGER_ON
485204220350,15,DATA1,4b 80 00 00 00 0f 00 00 00 00 00 00 00 d9 c3 
486007207433,0,TRIGGER_OFF
486007332333,15,DATA0,c3 00 00 00 00 0f 00 00 00 00 00 00 00 db bd 
486954372116,0,TRIGGER_ON
486954442233,15,DATA1,4b 80 00 00 00 0f 00 00 00 00 00 00 00 d9 c3 
487803457100,0,TRIGGER_OFF
487803553666,15,DATA0,c3 00 00 00 00 0f 00 00 00 00 00 00 00 db bd 
488643521533,0,TRIGGER_ON
488643665283,15,DATA1,4b 80 00 00 00 0f 00 00 00 00 00 00 00 d9 c3 
489126226883,0,TRIGGER_OFF
489126282566,15,DATA0,c3 00 00 00 00 0f 00 00 00 00 00 00 00 db bd 
489608929116,0,TRIGGER_ON
489609024866,15,DATA1,4b 80 00 00 00 0f 00 00 00 00 00 00 00 d9 c3 
490561149016,0,TRIGGER_OFF
490561259666,15,DATA0,c3 00 00 00 00 0f 00 00 00 00 00 00 00 db bd 
491078952216,0,TRIGGER_ON
491079001416,15,DATA1,4b 80 00 00 00 0f 00 00 00 00 00 00 00 d9 c3 
491524627366,0,TRIGGER_OFF
491524744283,15,DATA0,c3 00 00 00 00 0f 00 00 00 00 00 00 00 db bd 
492330656716,0,TRIGGER_ON
492330731483,15,DATA1,4b 80 00 00 00 0f 00 00 00 00 00 00 00 d9 c3 
493234790766,0,TRIGGER_OFF
493234842050,15,DATA0,c3 00 00 00 00 0f 00 00 00 00 00 00 00 db bd 
493882663316,0,TRIGGER_ON
493882706716,15,DATA1,4b 80 00 00 00 0f 00 00 00 00 00 00 00 d9 c3 
494680683966,0,TRIGGER_OFF
494680819000,15,DATA0,c3 00 00 00 00 0f 00 00 00 00 00 00 00 db bd 
495262491766,0,TRIGGER_ON
495262559783,15,DATA1,4b 80 00 00 00 0f 00 00 00 00 00 00 00 d9 c3 
495836341416,0,TRIGGER_OFF
495836425616,15,DATA0,c3 00 00 00 00 0f 00 00 00 00 00 00 00 db bd 
496264045666,0,TRIGGER_ON
496264168816,15,DATA1,4b 80 00 00 00 0f 00 00 00 00 00 00 00 d9 c3 
496989996183,0,TRIGGER_OFF
496990032450,15,DATA0,c3 00 00 00 00 0f 00 00 00 00 00 00 00 db bd 
497650929000,0,TRIGGER_ON
497651021966,15,DATA1,4b 80 00 00 00 0f 00 00 00 00 00 00 00 d9 c3 
498057608833,0,TRIGGER_OFF
498057640316,15,DATA0,c3 00 00 00 00 0f 00 00 00 00 00 00 00 db bd 
499057825750,0,TRIGGER_ON
499057874400,15,DATA1,4b 80 00 00 00 0f 00 00 00 00 00 00 00 d9 c3 
499515505700,0,TRIGGER_OFF
499515617133,15,DATA0,c3 00 00 00 00 0f 00 00 00 00 00 00 00 db bd 
500129347500,0,TRIGGER_ON
500129482400,15,DATA1,4b 80 00 00 00 0f 00 00 00 00 00 00 00 d9 c3 
500944419816,0,TRIGGER_OFF
500944469450,15,DATA0,c3 00 00 00 00 0f 00 00 00 00 00 00 00 db bd 
501852546033,0,TRIGGER_ON
501852580066,15,DATA1,4b 80 00 00 00 0f 00 00 00 00 00 00 00 d9 c3 
502347266616,0,TRIGGER_OFF
502347322216,15,DATA0,c3 00 00 00 00 0f 00 00 00 00 00 00 00 db bd 
503247389883,0,TRIGGER_ON
503247432916,15,DATA1,4b 80 00 00 00 0f 00 00 00 00 00 00 00 d9 c3 
503923288583,0,TRIGGER_OFF
503923422216,15,DATA0,c3 00 00 00 00 0f 00 00 00 00 00 00 00 db bd 
504913812500,0,TRIGGER_ON
504913906700,15,DATA1,4b 80 00 00 00 0f 00 00 00 00 00 00 00 d9 c3 
505420149666,0,TRIGGER_OFF
505420273500,15,DATA0,c3 00 00 00 00 0f 00 00 00 00 00 00 00 db bd 
506003745550,0,TRIGGER_ON
506003889450,15,DATA1,4b 80 00 00 00 0f 00 00 00 00 00 00 00 d9 c3 
506745767050,0,TRIGGER_OFF
506745877700,15,DATA0,c3 00 00 00 00 0f 00 00 00 00 00 00 00 db bd 
507485675250,0,TRIGGER_ON
507485740816,15,DATA1,4b 80 00 00 00 0f 00 00 00 00 00 00 00 d9 c3 
507903327516,0,TRIGGER_OFF
507903359200,15,DATA0,c3 00 00 00 00 0f 00 00 00 00 00 00 00 db bd 
508552124583,0,TRIGGER_ON
508552223933,15,DATA1,4b 80 00 00 00 0f 00 00 00 00 00 00 00 d9 c3 
509093782716,0,TRIGGER_OFF
509093840533,15,DATA0,c3 00 00 00 00 0f 00 00 00 00 00 00 00 db bd 
509840758983,0,TRIGGER_ON
509840828733,15,DATA1,4b 80 00 00 00 0f 00 00 00 00 00 00 00 d9 c3 
510779950616,0,TRIGGER_OFF
510780063700,15,DATA0,c3 00 00 00 00 0f 00 00 00 00 00 00 00 db bd 
511454216133,0,TRIGGER_ON
511454303016,15,DATA1,4b 80 00 00 00 0f 00 00 00 00 00 00 00 d9 c3 
511901448733,0,TRIGGER_OFF
511901545966,15,DATA0,c3 00 00 00 00 0f 00 00 00 00 00 00 00 db bd 
512835396033,0,TRIGGER_ON
512835531183,15,DATA1,4b 80 00 00 00 0f 00 00 00 00 00 00 00 d9 c3 
513741233300,0,TRIGGER_OFF
513741266883,15,DATA0,c3 00 00 00 00 0f 00 00 00 00 00 00 00 db bd 
514631350300,0,TRIGGER_ON
514631502800,15,DATA1,4b 80 00 00 00 0f 00 00 00 00 00 00 00 d9 c3 
515542487250,0,TRIGGER_OFF
515542613416,15,DATA0,c3 00 00 00 00 0f 00 00 00 00 00 00 00 db bd 
516027205533,0,TRIGGER_ON
516027355766,15,DATA1,4b 80 00 00 00 0f 00 00 00 00 00 00 00 d9 c3 
516668063633,0,TRIGGER_OFF
516668095650,15,DATA0,c3 00 00 00 00 0f 00 00 00 00 00 00 00 db bd 
517336941150,0,TRIGGER_ON
517337085050,15,DATA1,4b 80 00 00 00 0f 00 00 00 00 00 00 00 d9 c3 
518157971816,0,TRIGGER_OFF
518158072100,15,DATA0,c3 00 00 00 00 0f 00 00 00 00 00 00 00 db bd 
518893934200,0,TRIGGER_ON
518894060500,15,DATA1,4b 80 00 00 00 0f 00 00 00 00 00 00 00 d9 c3 
519327598766,0,TRIGGER_OFF
519327678833,15,DATA0,c3 00 00 00 00 0f 00 00 00 00 00 00 00 db bd 
519910414650,0,TRIGGER_ON
519910544466,15,DATA1,4b 80 00 00 00 0f 00 00 00 00 00 00 00 d9 c3 
520629358016,0,TRIGGER_OFF
520629408150,15,DATA0,c3 00 00 00 00 0f 00 00 00 00 00 00 00 db bd 
521161109250,0,TRIGGER_ON
521161149766,15,DATA1,4b 80 00 00 00 0f 00 00 00 00 00 00 00 d9 c3 
522033245266,0,TRIGGER_OFF
522033386016,15,DATA0,c3 00 00 00 00 0f 00 00 00 00 00 00 00 db bd 
522686108016,0,TRIGGER_ON
522686250750,15,DATA1,4b 80 00 00 00 0f 00 00 00 00 00 00 00 d9 c3 
523450114466,0,TRIGGER_OFF
523450238716,15,DATA0,c3 00 00 00 00 0f 00 00 00 00 00 00 00 db bd 
524150094950,0,TRIGGER_ON
524150227683,15,DATA1,4b 80 00 00 00 0f 00 00 00 00 00 00 00 d9 c3 
525140349950,0,TRIGGER_OFF
525140462133,15,DATA0,c3 00 00 00 00 0f 00 00 00 00 00 00 00 db bd 
525594040283,0,TRIGGER_ON
525594079983,15,DATA1,4b 80 00 00 00 0f 00 00 00 00 00 00 00 d9 c3 
526166835000,0,TRIGGER_OFF
526166945966,15,DATA0,c3 00 00 00 00 0f 00 00 00 00 00 00 00 db bd 
526960846383,0,TRIGGER_ON
526960933500,15,DATA1,4b 80 00 00 00 0f 00 00 00 00 00 00 00 d9 c3 
527471651450,0,TRIGGER_OFF
527471800450,15,DATA0,c3 00 00 00 00 0f 00 00 00 00 00 00 00 db bd 
528061509166,0,TRIGGER_ON
528061541400,15,DATA1,4b 80 00 00 00 0f 00 00 00 00 00 00 00 d9 c3 
528756421183,0,TRIGGER_OFF
528756530466,15,DATA0,c3 00 00 00 00 0f 00 00 00 00 00 00 00 db bd 
529313204950,0,TRIGGER_ON
529313271533,15,DATA1,4b 80 00 00 00 0f 00 00 00 00 00 00 00 d9 c3 
530020184683,0,TRIGGER_OFF
530020260400,15,DATA0,c3 00 00 00 00 0f 00 00 00 00 00 00 00 db bd 
530479861816,0,TRIGGER_ON
530480003183,15,DATA1,4b 80 00 00 00 0f 00 00 00 00 00 00 00 d9 c3 
531196806483,0,TRIGGER_OFF
531196866916,15,DATA0,c3 00 00 00 00 0f 00 00 00 00 00 00 00 db bd 
531930770683,0,TRIGGER_ON
531930855383,15,DATA1,4b 80 00 00 00 0f 00 00 00 00 00 00 00 d9 c3 
532794869050,0,TRIGGER_OFF
532794966800,15,DATA0,c3 00 00 00 00 0f 00 00 00 00 00 00 00 db bd 
533775085883,0,TRIGGER_ON
533775201383,15,DATA1,4b 80 00 00 00 0f 00 00 00 00 00 00 00 d9 c3 
534441975733,0,TRIGGER_OFF
534442065916,15,DATA0,c3 00 00 00 00 0f 00 00 00 00 00 00 00 db bd 
535272074316,0,TRIGGER_ON
535272177866,15,DATA1,4b 80 00 00 00 0f 00 00 00 00 00 00 00 d9 c3 
535931000300,0,TRIGGER_OFF
535931042500,15,DATA0,c3 00 00 00 00 0f 00 00 00 00 00 00 00 db bd 
536618904216,0,TRIGGER_ON
536619031700,15,DATA1,4b 80 00 00 00 0f 00 00 00 00 00 00 00 d9 c3 
537547116683,0,TRIGGER_OFF
537547142100,15,DATA0,c3 00 00 00 00 0f 00 00 00 00 00 00 00 db bd 
538187977000,0,TRIGGER_ON
538188132016,15,DATA1,4b 80 00 00 00 0f 00 00 00 00 00 00 00 d9 c3 
538746804100,0,TRIGGER_OFF
538746873216,15,DATA0,c3 00 00 00 00 0f 00 00 00 00 00 00 00 db bd 
539730055666,0,TRIGGER_ON
539730107766,15,DATA1,4b 80 00 00 00 0f 00 00 00 00 00 00 00 d9 c3 
540268890150,0,TRIGGER_OFF
540268974300,15,DATA0,c3 00 00 00 00 0f 00 00 00 00 00 00 00 db bd 
540726616266,0,TRIGGER_ON
540726717100,15,DATA1,4b 80 00 00 00 0f 00 00 00 00 00 00 00 d9 c3 
541344470783,0,TRIGGER_OFF
541344582366,15,DATA0,c3 00 00 00 00 0f 00 00 00 00 00 00 00 db bd 
541918373833,0,TRIGGER_ON
541918448350,15,DATA1,4b 80 00 00 00 0f 00 00 00 00 00 00 00 d9 c3 
542683432733,0,TRIGGER_OFF
542683561300,15,DATA0,c3 00 00 00 00 0f 00 00 00 00 00 00 00 db bd 
543517490933,0,TRIGGER_ON
543517548200,15,DATA1,4b 80 00 00 00 0f 00 00 00 00 00 00 00 d9 c3 
544161365333,0,TRIGGER_OFF
544161413033,15,DATA0,c3 00 00 00 00 0f 00 00 00 00 00 00 00 db bd 
544938365283,0,TRIGGER_ON
544938400816,15,DATA1,4b 80 00 00 00 0f 00 00 00 00 00 00 00 d9 c3 
545346996516,0,TRIGGER_OFF
545347144383,15,DATA0,c3 00 00 00 00 0f 00 00 00 00 00 00 00 db bd 
546308203783,0,TRIGGER_ON
546308254450,15,DATA1,4b 80 00 00 00 0f 00 00 00 00 00 00 00 d9 c3 
547102263800,0,TRIGGER_OFF
547102366766,15,DATA0,c3 00 00 00 00 0f 00 00 00 00 00 00 00 db bd 
548055471083,0,TRIGGER_ON
548055601766,15,DATA1,4b 80 00 00 00 0f 00 00 00 00 00 00 00 d9 c3 
548696388333,0,TRIGGER_OFF
548696466666,15,DATA0,c3 00 00 00 00 0f 00 00 00 00 00 00 00 db bd 
549107073900,0,TRIGGER_ON
549107210416,15,DATA1,4b 80 00 00 00 0f 00 00 00 00 00 00 00 d9 c3 
549760945766,0,TRIGGER_OFF
549761074933,15,DATA0,c3 00 00 00 00 0f 00 00 00 00 00 00 00 db bd 
550726154800,0,TRIGGER_ON
550726309766,15,DATA1,4b 80 00 00 00 0f 00 00 00 00 00 00 00 d9 c3 
551652377016,0,TRIGGER_OFF
551652420233,15,DATA0,c3 00 00 00 00 0f 00 00 00 00 00 00 00 db bd 
552650598533,0,TRIGGER_ON
552650654533,15,DATA1,4b 80 00 00 00 0f 00 00 00 00 00 00 00 d9 c3 
553272491183,0,TRIGGER_OFF
553272519800,15,DATA0,c3 00 00 00 00 0f 00 00 00 00 00 00 00 db bd 
553715207700,0,TRIGGER_ON
553715262833,15,DATA1,4b 80 00 00 00 0f 00 00 00 00 00 00 00 d9 c3 
554700409016,0,TRIGGER_OFF
554700497350,15,DATA0,c3 00 00 00 00 0f 00 00 00 00 00 00 00 db bd 
555134068683,0,TRIGGER_ON
555134116116,15,DATA1,4b 80 00 00 00 0f 00 00 00 00 00 00 00 d9 c3 
555894053433,0,TRIGGER_OFF
555894104200,15,DATA0,c3 00 00 00 00 0f 00 00 00 00 00 00 00 db bd 
556301689700,0,TRIGGER_ON
556301722200,15,DATA1,4b 80 00 00 00 0f 00 00 00 00 00 00 00 d9 c3 
557031641600,0,TRIGGER_OFF
557031710716,15,DATA0,c3 00 00 00 00 0f 00 00 00 00 00 00 00 db bd 
557968790466,0,TRIGGER_ON
557968821033,15,DATA1,4b 80 00 00 00 0f 00 00 00 00 00 00 00 d9 c3 
558578628550,0,TRIGGER_OFF
558578686450,15,DATA0,c3 00 00 00 00 0f 00 00 00 00 00 00 00 db bd 
559569863216,0,TRIGGER_ON
559569920866,15,DATA1,4b 80 00 00 00 0f 00 00 00 00 00 00 00 d9 c3 
560183707333,0,TRIGGER_OFF
560183786216,15,DATA0,c3 00 00 00 00 0f 00 00 00 00 00 00 00 db bd 
561143948650,0,TRIGGER_ON
561144021316,15,DATA1,4b 80 00 00 00 0f 00 00 00 00 00 00 00 d9 c3 
561945974450,0,TRIGGER_OFF
561946008733,15,DATA0,c3 00 00 00 00 0f 00 00 00 00 00 00 00 db bd 
562583834900,0,TRIGGER_ON
562583873516,15,DATA1,4b 80 00 00 00 0f 00 00 00 00 00 00 00 d9 c3 
563168721966,0,TRIGGER_OFF
563168864333,15,DATA0,c3 00 00 00 00 0f 00 00 00 00 00 00 00 db bd 
563964797600,0,TRIGGER_ON
563964851816,15,DATA1,4b 80 00 00 00 0f 00 00 00 00 00 00 00 d9 c3 
564916969666,0,TRIGGER_OFF
564917086866,15,DATA0,c3 00 00 00 00 0f 00 00 00 00 00 00 00 db bd 
565439715866,0,TRIGGER_ON
565439828650,15,DATA1,4b 80 00 00 00 0f 00 00 00 00 00 00 00 d9 c3 
565925479466,0,TRIGGER_OFF
565925571016,15,DATA0,c3 00 00 00 00 0f 00 00 00 00 00 00 00 db bd 
566874703333,0,TRIGGER_ON
566874806100,15,DATA1,4b 80 00 00 00 0f 00 00 00 00 00 00 00 d9 c3 
567475581183,0,TRIGGER_OFF
567475671633,15,DATA0,c3 00 00 00 00 0f 00 00 00 00 00 00 00 db bd 
568082468066,0,TRIGGER_ON
568082537116,15,DATA1,4b 80 00 00 00 0f 00 00 00 00 00 00 00 d9 c3 
568598258883,0,TRIGGER_OFF
568598278983,15,DATA0,c3 00 00 00 00 0f 00 00 00 00 00 00 00 db bd 
569500380366,0,TRIGGER_ON
569500514833,15,DATA1,4b 80 00 00 00 0f 00 00 00 00 00 00 00 d9 c3 
570192293616,0,TRIGGER_OFF
570192378916,15,DATA0,c3 00 00 00 00 0f 00 00 00 00 00 00 00 db bd 
570615952216,0,TRIGGER_ON
570615997266,15,DATA1,4b 80 00 00 00 0f 00 00 00 00 00 00 00 d9 c3 
571203768600,0,TRIGGER_OFF
571203863200,15,DATA0,c3 00 00 00 00 0f 00 00 00 00 00 00 00 db bd 
572051833833,0,TRIGGER_ON
572051849866,15,DATA1,4b 80 00 00 00 0f 00 00 00 00 00 00 00 d9 c3 
572541555983,0,TRIGGER_OFF
572541592000,15,DATA0,c3 00 00 00 00 0f 00 00 00 00 00 00 00 db bd 
573079320983,0,TRIGGER_ON
573079458516,15,DATA1,4b 80 00 00 00 0f 00 00 00 00 00 00 00 d9 c3 
574036503100,0,TRIGGER_OFF
574036568450,15,DATA0,c3 00 00 00 00 0f 00 00 00 00 00 00 00 db bd 
574455158850,0,TRIGGER_ON
574455311900,15,DATA1,4b 80 00 00 00 0f 00 00 00 00 00 00 00 d9 c3 
575424410083,0,TRIGGER_OFF
575424546633,15,DATA0,c3 00 00 00 00 0f 00 00 00 00 00 00 00 db bd 
576394555733,0,TRIGGER_ON
576394656383,15,DATA1,4b 80 00 00 00 0f 00 00 00 00 00 00 00 d9 c3 
577330726083,0,TRIGGER_OFF
577330766833,15,DATA0,c3 00 00 00 00 0f 00 00 00 00 00 00 00 db bd 
578255923550,0,TRIGGER_ON
578256002066,15,DATA1,4b 80 00 00 00 0f 00 00 00 00 00 00 00 d9 c3 
578990899133,0,TRIGGER_OFF
578990990500,15,DATA0,c3 00 00 00 00 0f 00 00 00 00 00 00 00 db bd 
579720911666,0,TRIGGER_ON
579720979000,15,DATA1,4b 80 00 00 00 0f 00 00 00 00 00 00 00 d9 c3 
580250195833,0,TRIGGER_OFF
580250220666,15,DATA0,c3 00 00 00 00 0f 00 00 00 00 00 00 00 db bd 
581195484550,0,TRIGGER_ON
581195580783,15,DATA1,4b 80 00 00 00 0f 00 00 00 00 00 00 00 d9 c3 
582100175916,0,TRIGGER_OFF
582100316533,15,DATA0,c3 00 00 00 00 0f 00 00 00 00 00 00 00 db bd 
583007454633,0,TRIGGER_ON
583007552216,15,DATA1,4b 80 00 00 00 0f 00 00 00 00 00 00 00 d9 c3 
583680683966,0,TRIGGER_OFF
583680791616,15,DATA0,c3 00 00 00 00 0f 00 00 00 00 00 00 00 db bd 
584159556500,0,TRIGGER_ON
584159659250,15,DATA1,4b 80 00 00 00 0f 00 00 00 00 00 00 00 d9 c3 
584992750700,0,TRIGGER_OFF
584992895933,15,DATA0,c3 00 00 00 00 0f 00 00 00 00 00 00 00 db bd 
585955991766,0,TRIGGER_ON
585956130783,15,DATA1,4b 80 00 00 00 0f 00 00 00 00 00 00 00 d9 c3 
586803514700,0,TRIGGER_OFF
586803617600,15,DATA0,c3 00 00 00 00 0f 00 00 00 00 00 00 00 db bd 
587612649066,0,TRIGGER_ON
587612729700,15,DATA1,4b 80 00 00 00 0f 00 00 00 00 00 00 00 d9 c3 
588044337533,0,TRIGGER_OFF
588044472916,15,DATA0,c3 00 00 00 00 0f 00 00 00 00 00 00 00 db bd 
588565070616,0,TRIGGER_ON
588565214716,15,DATA1,4b 80 00 00 00 0f 00 00 00 00 00 00 00 d9 c3 
589440163216,0,TRIGGER_OFF
589440200966,15,DATA0,c3 00 00 00 00 0f 00 00 00 00 00 00 00 db bd 
590144081566,0,TRIGGER_ON
590144189900,15,DATA1,4b 80 00 00 00 0f 00 00 00 00 00 00 00 d9 c3 
590810952533,0,TRIGGER_OFF
590811054433,15,DATA0,c3 00 00 00 00 0f 00 00 00 00 00 00 00 db bd 
591245604983,0,TRIGGER_ON
591245672600,15,DATA1,4b 80 00 00 00 0f 00 00 00 00 00 00 00 d9 c3 
592111696916,0,TRIGGER_OFF
592111783983,15,DATA0,c3 00 00 00 00 0f 00 00 00 00 00 00 00 db bd 
592918718766,0,TRIGGER_ON
592918771316,15,DATA1,4b 80 00 00 00 0f 00 00 00 00 00 00 00 d9 c3 
593682689600,0,TRIGGER_OFF
593682759300,15,DATA0,c3 00 00 00 00 0f 00 00 00 00 00 00 00 db bd 
594376596933,0,TRIGGER_ON
594376623400,15,DATA1,4b 80 00 00 00 0f 00 00 00 00 00 00 00 d9 c3 
595105559450,0,TRIGGER_OFF
595105611950,15,DATA0,c3 00 00 00 00 0f 00 00 00 00 00 00 00 db bd 
595746440116,0,TRIGGER_ON
595746477066,15,DATA1,4b 80 00 00 00 0f 00 00 00 00 00 00 00 d9 c3 
596489404983,0,TRIGGER_OFF
596489465416,15,DATA0,c3 00 00 00 00 0f 00 00 00 00 00 00 00 db bd 
597230359216,0,TRIGGER_ON
597230453783,15,DATA1,4b 80 00 00 00 0f 00 00 00 00 00 00 00 d9 c3 
598116980433,0,TRIGGER_OFF
598117064666,15,DATA0,c3 00 00 00 00 0f 00 00 00 00 00 00 00 db bd 
598798483700,0,TRIGGER_ON
598798553950,15,DATA1,4b 80 00 00 00 0f 00 00 00 00 00 00 00 d9 c3 
599716563350,0,TRIGGER_OFF
599716664500,15,DATA0,c3 00 00 00 00 0f 00 00 00 00 00 00 00 db bd 
600548065033,0,TRIGGER_ON
600548151433,15,DATA1,4b 80 00 00 00 0f 00 00 00 00 00 00 00 d9 c3 
601010797433,0,TRIGGER_OFF
601010894150,15,DATA0,c3 00 00 00 00 0f 00 00 00 00 00 00 00 db bd 
601440459300,0,TRIGGER_ON
601440512416,15,DATA1,4b 80 00 00 00 0f 00 00 00 00 00 00 00 d9 c3 
602148398783,0,TRIGGER_OFF
602148501250,15,DATA0,c3 00 00 00 00 0f 00 00 00 00 00 00 00 db bd 
603019506533,0,TRIGGER_ON
603019612583,15,DATA1,4b 80 00 00 00 0f 00 00 00 00 00 00 00 d9 c3 
603715287133,0,TRIGGER_OFF
603715351816,15,DATA0,c3 00 00 00 00 0f 00 00 00 00 00 00 00 db bd 
604406206366,0,TRIGGER_ON
604406340950,15,DATA1,4b 80 00 00 00 0f 00 00 00 00 00 00 00 d9 c3 
605344375933,0,TRIGGER_OFF
605344450966,15,DATA0,c3 00 00 00 00 0f 00 00 00 00 00 00 00 db bd 
606121369883,0,TRIGGER_ON
606121438750,15,DATA1,4b 80 00 00 00 0f 00 00 00 00 00 00 00 d9 c3 
607108580116,0,TRIGGER_OFF
607108673216,15,DATA0,c3 00 00 00 00 0f 00 00 00 00 00 00 00 db bd 
608095781216,0,TRIGGER_ON
608095907650,15,DATA1,4b 80 00 00 00 0f 00 00 00 00 00 00 00 d9 c3 
609001960733,0,TRIGGER_OFF
609002018416,15,DATA0,c3 00 00 00 00 0f 00 00 00 00 00 00 00 db bd 
609415564283,0,TRIGGER_ON
609415636883,15,DATA1,4b 80 00 00 00 0f 00 00 00 00 00 00 00 d9 c3 
609837870833,0,TRIGGER_OFF
609838005233,15,DATA0,c3 00 00 00 00 0f 00 00 00 00 00 00 00 db bd 
610567766033,0,TRIGGER_ON
610567868700,15,DATA1,4b 80 00 00 00 0f 00 00 00 00 00 00 00 d9 c3 
611271614950,0,TRIGGER_OFF
611271732650,15,DATA0,c3 00 00 00 00 0f 00 00 00 00 00 00 00 db bd 
611983547500,0,TRIGGER_ON
611983596433,15,DATA1,4b 80 00 00 00 0f 00 00 00 00 00 00 00 d9 c3 
612893401550,0,TRIGGER_OFF
612893457083,15,DATA0,c3 00 00 00 00 0f 00 00 00 00 00 00 00 db bd 
613613414100,0,TRIGGER_ON
613613445750,15,DATA1,4b 80 00 00 00 0f 00 00 00 00 00 00 00 d9 c3 
614407478633,0,TRIGGER_OFF
614407558216,15,DATA0,c3 00 00 00 00 0f 00 00 00 00 00 00 00 db bd 
614999296816,0,TRIGGER_ON
614999423883,15,DATA1,4b 80 00 00 00 0f 00 00 00 00 00 00 00 d9 c3 
615565107066,0,TRIGGER_OFF
615565165566,15,DATA0,c3 00 00 00 00 0f 00 00 00 00 00 00 00 db bd 
615992571216,0,TRIGGER_ON
615992658250,15,DATA1,4b 80 00 00 00 0f 00 00 00 00 00 00 00 d9 c3 
616698509966,0,TRIGGER_OFF
616698647100,15,DATA0,c3 00 00 00 00 0f 00 00 00 00 00 00 00 db bd 
617160219850,0,TRIGGER_ON
617160264850,15,DATA1,4b 80 00 00 00 0f 00 00 00 00 00 00 00 d9 c3 
617785147066,0,TRIGGER_OFF
617785254983,15,DATA0,c3 00 00 00 00 0f 00 00 00 00 00 00 00 db bd 
618325982166,0,TRIGGER_ON
618326121683,15,DATA1,4b 80 00 00 00 0f 00 00 00 00 00 00 00 d9 c3 
618866763100,0,TRIGGER_OFF
618866862983,15,DATA0,c3 00 00 00 00 0f 00 00 00 00 00 00 00 db bd 
619735899300,0,TRIGGER_ON
619735974300,15,DATA1,4b 80 00 00 00 0f 00 00 00 00 00 00 00 d9 c3 
620681080566,0,TRIGGER_OFF
620681209466,15,DATA0,c3 00 00 00 00 0f 00 00 00 00 00 00 00 db bd 
621373006633,0,TRIGGER_ON
621373074183,15,DATA1,4b 80 00 00 00 0f 00 00 00 00 00 00 00 d9 c3 
621884819083,0,TRIGGER_OFF
621884940583,15,DATA0,c3 00 00 00 00 0f 00 00 00 00 00 00 00 db bd 
622747038450,0,TRIGGER_ON
622747177033,15,DATA1,4b 80 00 00 00 0f 00 00 00 00 00 00 00 d9 c3 
623398993400,0,TRIGGER_OFF
623399042000,15,DATA0,c3 00 00 00 00 0f 00 00 00 00 00 00 00 db bd 
623962801616,0,TRIGGER_ON
623962907916,15,DATA1,4b 80 00 00 00 0f 00 00 00 00 00 00 00 d9 c3 
624833905300,0,TRIGGER_OFF
624834019416,15,DATA0,c3 00 00 00 00 0f 00 00 00 00 00 00 00 db bd 
625309621083,0,TRIGGER_ON
625309761750,15,DATA1,4b 80 00 00 00 0f 00 00 00 00 00 00 00 d9 c3 
626275823016,0,TRIGGER_OFF
626275871566,15,DATA0,c3 00 00 00 00 0f 00 00 00 00 00 00 00 db bd 
627220002783,0,TRIGGER_ON
627220106750,15,DATA1,4b 80 00 00 00 0f 00 00 00 00 00 00 00 d9 c3 
628124960683,0,TRIGGER_OFF
628125092516,15,DATA0,c3 00 00 00 00 0f 00 00 00 00 00 00 00 db bd 
628938991866,0,TRIGGER_ON
628939079766,15,DATA1,4b 80 00 00 00 0f 00 00 00 00 00 00 00 d9 c3 
629909755166,0,TRIGGER_OFF
629909814516,15,DATA0,c3 00 00 00 00 0f 00 00 00 00 00 00 00 db bd 
630651716466,0,TRIGGER_ON
630651802833,15,DATA1,4b 80 00 00 00 0f 00 00 00 00 00 00 00 d9 c3 
631448359966,0,TRIGGER_OFF
631448415333,15,DATA0,c3 00 00 00 00 0f 00 00 00 00 00 00 00 db bd 
631964806950,0,TRIGGER_ON
631964907783,15,DATA1,4b 80 00 00 00 0f 00 00 00 00 00 00 00 d9 c3 
632577564550,0,TRIGGER_OFF
632577647583,15,DATA0,c3 00 00 00 00 0f 00 00 00 00 00 00 00 db bd 
633094095366,0,TRIGGER_ON
633094139466,15,DATA1,4b 80 00 00 00 0f 00 00 00 00 00 00 00 d9 c3 
633582564550,0,TRIGGER_OFF
633582631783,15,DATA0,c3 00 00 00 00 0f 00 00 00 00 00 00 00 db bd 
634276480866,0,TRIGGER_ON
634276620866,15,DATA1,4b 80 00 00 00 0f 00 00 00 00 00 00 00 d9 c3 
635226654950,0,TRIGGER_OFF
635226730933,15,DATA0,c3 00 00 00 00 0f 00 00 00 00 00 00 00 db bd 
636196847616,0,TRIGGER_ON
636196965700,15,DATA1,4b 80 00 00 00 0f 00 00 00 00 00 00 00 d9 c3 
636873476466,0,TRIGGER_OFF
636873580066,15,DATA0,c3 00 00 00 00 0f 00 00 00 00 00 00 00 db bd 
637508372150,0,TRIGGER_ON
637508445050,15,DATA1,4b 80 00 00 00 0f 00 00 00 00 00 00 00 d9 c3 
638382723833,0,TRIGGER_OFF
638382806533,15,DATA0,c3 00 00 00 00 0f 00 00 00 00 00 00 00 db bd 
639138234500,0,TRIGGER_ON
639138294433,15,DATA1,4b 80 00 00 00 0f 00 00 00 00 00 00 00 d9 c3 
639637966100,0,TRIGGER_OFF
639638036550,15,DATA0,c3 00 00 00 00 0f 00 00 00 00 00 00 00 db bd 
640574160166,0,TRIGGER_ON
640574271816,15,DATA1,4b 80 00 00 00 0f 00 00 00 00 00 00 00 d9 c3 
641521216250,0,TRIGGER_OFF
641521256933,15,DATA0,c3 00 00 00 00 0f 00 00 00 00 00 00 00 db bd 
641973608216,0,TRIGGER_ON
641973749983,15,DATA1,4b 80 00 00 00 0f 00 00 00 00 00 00 00 d9 c3 
642943800450,0,TRIGGER_OFF
642943859500,15,DATA0,c3 00 00 00 00 0f 00 00 00 00 00 00 00 db bd 
643927273916,0,TRIGGER_ON
643927344016,15,DATA1,4b 80 00 00 00 0f 00 00 00 00 00 00 00 d9 c3 
644525903833,0,TRIGGER_OFF
644525959600,15,DATA0,c3 00 00 00 00 0f 00 00 00 00 00 00 00 db bd 
645375991266,0,TRIGGER_ON
645376071183,15,DATA1,4b 80 00 00 00 0f 00 00 00 00 00 00 00 d9 c3 
645840755916,0,TRIGGER_OFF
645840813883,15,DATA0,c3 00 00 00 00 0f 00 00 00 00 00 00 00 db bd 
646279474566,0,TRIGGER_ON
646279556950,15,DATA1,4b 80 00 00 00 0f 00 00 00 00 00 00 00 d9 c3 
646836317533,0,TRIGGER_OFF
646836423166,15,DATA0,c3 00 00 00 00 0f 00 00 00 00 00 00 00 db bd 
647335096566,0,TRIGGER_ON
647335165333,15,DATA1,4b 80 00 00 00 0f 00 00 00 00 00 00 00 d9 c3 
647739774283,0,TRIGGER_OFF
647739908933,15,DATA0,c3 00 00 00 00 0f 00 00 00 00 00 00 00 db bd 
648168520416,0,TRIGGER_ON
648168652366,15,DATA1,4b 80 00 00 00 0f 00 00 00 00 00 00 00 d9 c3 
648570157816,0,TRIGGER_OFF
648570270833,15,DATA0,c3 00 00 00 00 0f 00 00 00 00 00 00 00 db bd 
649098563000,0,TRIGGER_ON
649098637700,15,DATA1,4b 80 00 00 00 0f 00 00 00 00 00 00 00 d9 c3 
649570259416,0,TRIGGER_OFF
649570380100,15,DATA0,c3 00 00 00 00 0f 00 00 00 00 00 00 00 db bd 
650354294550,0,TRIGGER_ON
650354367716,15,DATA1,4b 80 00 00 00 0f 00 00 00 00 00 00 00 d9 c3 
651247437166,0,TRIGGER_OFF
651247478650,15,DATA0,c3 00 00 00 00 0f 00 00 00 00 00 00 00 db bd 
651755176650,0,TRIGGER_ON
651755220616,15,DATA1,4b 80 00 00 00 0f 00 00 00 00 00 00 00 d9 c3 
652449882383,0,TRIGGER_OFF
652449959650,15,DATA0,c3 00 00 00 00 0f 00 00 00 00 00 00 00 db bd 
652940597050,0,TRIGGER_ON
652940701916,15,DATA1,4b 80 00 00 00 0f 00 00 00 00 00 00 00 d9 c3 
653443331333,0,TRIGGER_OFF
653443443983,15,DATA0,c3 00 00 00 00 0f 00 00 00 00 00 00 00 db bd 
654101211433,0,TRIGGER_ON
654101308583,15,DATA1,4b 80 00 00 00 0f 00 00 00 00 00 00 00 d9 c3 
654748073783,0,TRIGGER_OFF
654748173383,15,DATA0,c3 00 00 00 00 0f 00 00 00 00 00 00 00 db bd 
655723266566,0,TRIGGER_ON
655723282983,15,DATA1,4b 80 00 00 00 0f 00 00 00 00 00 00 00 d9 c3 
656157703366,0,TRIGGER_OFF
656157776116,15,DATA0,c3 00 00 00 00 0f 00 00 00 00 00 00 00 db bd 
656917079283,0,TRIGGER_ON
656917139133,15,DATA1,4b 80 00 00 00 0f 00 00 00 00 00 00 00 d9 c3 
657450876850,0,TRIGGER_OFF
657451005683,15,DATA0,c3 00 00 00 00 0f 00 00 00 00 00 00 00 db bd 
658116344116,0,TRIGGER_ON
658116370166,15,DATA1,4b 80 00 00 00 0f 00 00 00 00 00 00 00 d9 c3 
659078882183,0,TRIGGER_OFF
659078979966,15,DATA0,c3 00 00 00 00 0f 00 00 00 00 00 00 00 db bd 
659815677750,0,TRIGGER_ON
659815718316,15,DATA1,4b 80 00 00 00 0f 00 00 00 00 00 00 00 d9 c3 
660233319316,0,TRIGGER_OFF
660233461933,15,DATA0,c3 00 00 00 00 0f 00 00 00 00 00 00 00 db bd 
660714008416,0,TRIGGER_ON
660714079150,15,DATA1,4b 80 00 00 00 0f 00 00 00 00 00 00 00 d9 c3 
661174673866,0,TRIGGER_OFF
661174821833,15,DATA0,c3 00 00 00 00 0f 00 00 00 00 00 00 00 db bd 
662084832816,0,TRIGGER_ON
662084932450,15,DATA1,4b 80 00 00 00 0f 00 00 00 00 00 00 00 d9 c3 
663019047700,0,TRIGGER_OFF
663019167683,15,DATA0,c3 00 00 00 00 0f 00 00 00 00 00 00 00 db bd 
664003266500,0,TRIGGER_ON
664003402300,15,DATA1,4b 80 00 00 00 0f 00 00 00 00 00 00 00 d9 c3 
664527997500,0,TRIGGER_OFF
664528143816,15,DATA0,c3 00 00 00 00 0f 00 00 00 00 00 00 00 db bd 
665169853150,0,TRIGGER_ON
665169883683,15,DATA1,4b 80 00 00 00 0f 00 00 00 00 00 00 00 d9 c3 
665966861433,0,TRIGGER_OFF
665966996083,15,DATA0,c3 00 00 00 00 0f 00 00 00 00 00 00 00 db bd 
666850951833,0,TRIGGER_ON
666850982100,15,DATA1,4b 80 00 00 00 0f 00 00 00 00 00 00 00 d9 c3 
667271584566,0,TRIGGER_OFF
667271725433,15,DATA0,c3 00 00 00 00 0f 00 00 00 00 00 00 00 db bd 
667894413483,0,TRIGGER_ON
667894465616,15,DATA1,4b 80 00 00 00 0f 00 00 00 00 00 00 00 d9 c3 
668627721350,0,TRIGGER_OFF
668627829000,15,DATA0,c3 00 00 00 00 0f 00 00 00 00 00 00 00 db bd 
669156543033,0,TRIGGER_ON
669156570616,15,DATA1,4b 80 00 00 00 0f 00 00 00 00 00 00 00 d9 c3 
669880937466,0,TRIGGER_OFF
669881059166,15,DATA0,c3 00 00 00 00 0f 00 00 00 00 00 00 00 db bd 
670675727400,0,TRIGGER_ON
670675796600,15,DATA1,4b 80 00 00 00 0f 00 00 00 00 00 00 00 d9 c3 
671181506766,0,TRIGGER_OFF
671181538600,15,DATA0,c3 00 00 00 00 0f 00 00 00 00 00 00 00 db bd 
671866527450,0,TRIGGER_ON
671866652750,15,DATA1,4b 80 00 00 00 0f 00 00 00 00 00 00 00 d9 c3 
672375262866,0,TRIGGER_OFF
672375394683,15,DATA0,c3 00 00 00 00 0f 00 00 00 00 00 00 00 db bd 
673168266883,0,TRIGGER_ON
673168382133,15,DATA1,4b 80 00 00 00 0f 00 00 00 00 00 00 00 d9 c3 
673952272266,0,TRIGGER_OFF
673952369733,15,DATA0,c3 00 00 00 00 0f 00 00 00 00 00 00 00 db bd 
674887909683,0,TRIGGER_ON
674887979900,15,DATA1,4b 80 00 00 00 0f 00 00 00 00 00 00 00 d9 c3 
675879126000,0,TRIGGER_OFF
675879214400,15,DATA0,c3 00 00 00 00 0f 00 00 00 00 00 00 00 db bd 
676520992033,0,TRIGGER_ON
676521079033,15,DATA1,4b 80 00 00 00 0f 00 00 00 00 00 00 00 d9 c3 
677387073100,0,TRIGGER_OFF
677387190516,15,DATA0,c3 00 00 00 00 0f 00 00 00 00 00 00 00 db bd 
678210168950,0,TRIGGER_ON
678210302283,15,DATA1,4b 80 00 00 00 0f 00 00 00 00 00 00 00 d9 c3 
678942130133,0,TRIGGER_OFF
678942165866,15,DATA0,c3 00 00 00 00 0f 00 00 00 00 00 00 00 db bd 
679723136583,0,TRIGGER_ON
679723153466,15,DATA1,4b 80 00 00 00 0f 00 00 00 00 00 00 00 d9 c3 
680451136400,0,TRIGGER_OFF
680451266750,15,DATA0,c3 00 00 00 00 0f 00 00 00 00 00 00 00 db bd 
680984992733,0,TRIGGER_ON
680985133483,15,DATA1,4b 80 00 00 00 0f 00 00 00 00 00 00 00 d9 c3 
681532763033,0,TRIGGER_OFF
681532874600,15,DATA0,c3 00 00 00 00 0f 00 00 00 00 00 00 00 db bd 
682308807783,0,TRIGGER_ON
682308862300,15,DATA1,4b 80 00 00 00 0f 00 00 00 00 00 00 00 d9 c3 
683266063300,0,TRIGGER_OFF
683266097300,15,DATA0,c3 00 00 00 00 0f 00 00 00 00 00 00 00 db bd 
683810860633,0,TRIGGER_ON
683810963466,15,DATA1,4b 80 00 00 00 0f 00 00 00 00 00 00 00 d9 c3 
684260531650,0,TRIGGER_OFF
684260581316,15,DATA0,c3 00 00 00 00 0f 00 00 00 00 00 00 00 db bd 
685242732333,0,TRIGGER_ON
685242815766,15,DATA1,4b 80 00 00 00 0f 00 00 00 00 00 00 00 d9 c3 
685911674400,0,TRIGGER_OFF
685911805166,15,DATA0,c3 00 00 00 00 0f 00 00 00 00 00 00 00 db bd 
686344383116,0,TRIGGER_ON
686344423300,15,DATA1,4b 80 00 00 00 0f 00 00 00 00 00 00 00 d9 c3 
686851150200,0,TRIGGER_OFF
686851290233,15,DATA0,c3 00 00 00 00 0f 00 00 00 00 00 00 00 db bd 
687399963666,0,TRIGGER_ON
687400031716,15,DATA1,4b 80 00 00 00 0f 00 00 00 00 00 00 00 d9 c3 
687923712866,0,TRIGGER_OFF
687923773233,15,DATA0,c3 00 00 00 00 0f 00 00 00 00 00 00 00 db bd 
688494555083,0,TRIGGER_ON
688494639166,15,DATA1,4b 80 00 00 00 0f 00 00 00 00 00 00 00 d9 c3 
689089428550,0,TRIGGER_OFF
689089504733,15,DATA0,c3 00 00 00 00 0f 00 00 00 00 00 00 00 db bd 
689519139066,0,TRIGGER_ON
689519247933,15,DATA1,4b 80 00 00 00 0f 00 00 00 00 00 00 00 d9 c3 
690466389283,0,TRIGGER_OFF
690466482883,15,DATA0,c3 00 00 00 00 0f 00 00 00 00 00 00 00 db bd 
690880064633,0,TRIGGER_ON
690880101333,15,DATA1,4b 80 00 00 00 0f 00 00 00 00 00 00 00 d9 c3 
691545956766,0,TRIGGER_OFF
691546090750,15,DATA0,c3 00 00 00 00 0f 00 00 00 00 00 00 00 db bd 
692429069350,0,TRIGGER_ON
692429201750,15,DATA1,4b 80 00 00 00 0f 00 00 00 00 00 00 00 d9 c3 
693006870550,0,TRIGGER_OFF
693006942750,15,DATA0,c3 00 00 00 00 0f 00 00 00 00 00 00 00 db bd 
693700837950,0,TRIGGER_ON
693700931733,15,DATA1,4b 80 00 00 00 0f 00 00 00 00 00 00 00 d9 c3 
694259620600,0,TRIGGER_OFF
694259672666,15,DATA0,c3 00 00 00 00 0f 00 00 00 00 00 00 00 db bd 
695209796200,0,TRIGGER_ON
695209907783,15,DATA1,4b 80 00 00 00 0f 00 00 00 00 00 00 00 d9 c3 
695859668250,0,TRIGGER_OFF
695859772266,15,DATA0,c3 00 00 00 00 0f 00 00 00 00 00 00 00 db bd 
696588663683,0,TRIGGER_ON
696588760683,15,DATA1,4b 80 00 00 00 0f 00 00 00 00 00 00 00 d9 c3 
697192541733,0,TRIGGER_OFF
697192626116,15,DATA0,c3 00 00 00 00 0f 00 00 00 00 00 00 00 db bd 
697595164716,0,TRIGGER_ON
697595244716,15,DATA1,4b 80 00 00 00 0f 00 00 00 00 00 00 00 d9 c3 
698279109683,0,TRIGGER_OFF
698279233850,15,DATA0,c3 00 00 00 00 0f 00 00 00 00 00 00 00 db bd 
699070230383,0,TRIGGER_ON
699070346266,15,DATA1,4b 80 00 00 00 0f 00 00 00 00 00 00 00 d9 c3 
699485918783,0,TRIGGER_OFF
699485964683,15,DATA0,c3 00 00 00 00 0f 00 00 00 00 00 00 00 db bd 
700312014016,0,TRIGGER_ON
700312076550,15,DATA1,4b 80 00 00 00 0f 00 00 00 00 00 00 00 d9 c3 
700986918183,0,TRIGGER_OFF
700987065816,15,DATA0,c3 00 00 00 00 0f 00 00 00 00 00 00 00 db bd 
701791984333,0,TRIGGER_ON
